<?xml version="1.0" encoding="utf-8"?>
<COLLADA xmlns="http://www.collada.org/2005/11/COLLADASchema" version="1.4.1">
  <asset><contributor><author>Mixamo</author><authoring_tool>COLLADA Mixamo exporter</authoring_tool><comments></comments></contributor><created>2014-08-29T16:11:01Z</created><modified>2014-08-29T16:11:01Z</modified><revision></revision><title></title><unit meter="0.025400"/><up_axis>Y_UP</up_axis></asset>
  <library_animations>
    <animation id="mixamorig_Hips-anim" name="mixamorig_Hips"><source id="mixamorig_Hips-Matrix-animation-input"><float_array id="mixamorig_Hips-Matrix-animation-input-array" count="32">

0.000000 0.033333 0.066667 0.100000 0.133333 0.166667 0.200000 0.233333 0.266667 0.300000 0.333333 0.366667 0.400000 0.433333 0.466667 0.500000
0.533333 0.566667 0.600000 0.633333 0.666667 0.700000 0.733333 0.766667 0.800000 0.833333 0.866667 0.900000 0.933333 0.966667 1.000000 1.033333</float_array><technique_common><accessor source="#mixamorig_Hips-Matrix-animation-input-array" count="32"><param name="TIME" type="float"/></accessor></technique_common></source><source id="mixamorig_Hips-Matrix-animation-output-transform"><float_array id="mixamorig_Hips-Matrix-animation-output-transform-array" count="512">

0.999408 -0.007543 0.033580 -0.000002 0.008678 0.999391 -0.033786 0.367741 -0.033305 0.034057 0.998865 -0.000988 0.000000 0.000000 0.000000 1.000000
0.999651 -0.009689 0.024586 0.000600 0.010769 0.998965 -0.044194 0.369748 -0.024132 0.044443 0.998720 0.017688 0.000000 0.000000 0.000000 1.000000
0.999902 -0.003222 0.013608 0.001439 0.003972 0.998451 -0.055492 0.368867 -0.013409 0.055540 0.998366 0.036530 0.000000 0.000000 0.000000 1.000000
0.999702 0.023291 -0.007330 0.002489 -0.023708 0.997713 -0.063297 0.364850 0.005839 0.063452 0.997968 0.056103 0.000000 0.000000 0.000000 1.000000
0.998139 0.049914 -0.035026 0.003472 -0.052145 0.996459 -0.065958 0.358609 0.031609 0.067662 0.997207 0.076860 0.000000 0.000000 0.000000 1.000000
0.996666 0.060083 -0.055199 0.004528 -0.063824 0.995592 -0.068728 0.352008 0.050826 0.072022 0.996107 0.097790 0.000000 0.000000 0.000000 1.000000
0.996168 0.057618 -0.065801 0.005810 -0.062145 0.995682 -0.068964 0.346844 0.061544 0.072789 0.995447 0.118264 0.000000 0.000000 0.000000 1.000000
0.997215 0.042672 -0.061164 0.007445 -0.045916 0.997557 -0.052646 0.342958 0.058768 0.055307 0.996738 0.140866 0.000000 0.000000 0.000000 1.000000
0.998217 0.031825 -0.050493 0.009807 -0.033855 0.998631 -0.039880 0.341221 0.049155 0.041518 0.997928 0.165709 0.000000 0.000000 0.000000 1.000000
0.998960 0.022986 -0.039375 0.012469 -0.024111 0.999308 -0.028332 0.340828 0.038697 0.029252 0.998823 0.189986 0.000000 0.000000 0.000000 1.000000
0.999410 0.020840 -0.027294 0.014978 -0.021335 0.999611 -0.017985 0.341071 0.026909 0.018557 0.999466 0.213405 0.000000 0.000000 0.000000 1.000000
0.999714 0.019433 -0.013962 0.017342 -0.019559 0.999769 -0.008950 0.342541 0.013785 0.009221 0.999862 0.235309 0.000000 0.000000 0.000000 1.000000
0.999895 0.014437 -0.000879 0.019043 -0.014438 0.999895 -0.001280 0.345009 0.000861 0.001293 0.999999 0.255239 0.000000 0.000000 0.000000 1.000000
0.999883 0.008827 0.012518 0.019615 -0.008891 0.999948 0.005046 0.349597 -0.012473 -0.005157 0.999909 0.274253 0.000000 0.000000 0.000000 1.000000
0.999643 0.004143 0.026399 0.019202 -0.004410 0.999940 0.010051 0.355107 -0.026356 -0.010164 0.999601 0.293007 0.000000 0.000000 0.000000 1.000000
0.999192 -0.001502 0.040167 0.018005 0.000952 0.999905 0.013729 0.359549 -0.040183 -0.013679 0.999099 0.312334 0.000000 0.000000 0.000000 1.000000
0.998517 -0.007753 0.053891 0.016833 0.007023 0.999881 0.013709 0.362910 -0.053991 -0.013310 0.998453 0.332279 0.000000 0.000000 0.000000 1.000000
0.997668 -0.013324 0.066943 0.015769 0.012728 0.999876 0.009320 0.364200 -0.067059 -0.008446 0.997713 0.352211 0.000000 0.000000 0.000000 1.000000
0.996701 -0.018327 0.079060 0.014599 0.018422 0.999830 -0.000476 0.363251 -0.079038 0.001931 0.996870 0.372187 0.000000 0.000000 0.000000 1.000000
0.994615 -0.036561 0.096973 0.013083 0.038002 0.999192 -0.013058 0.360611 -0.096417 0.016673 0.995201 0.392981 0.000000 0.000000 0.000000 1.000000
0.991774 -0.052644 0.116671 0.011542 0.056118 0.998067 -0.026689 0.356060 -0.115041 0.033016 0.992812 0.414350 0.000000 0.000000 0.000000 1.000000
0.989917 -0.060247 0.128194 0.010039 0.066157 0.996910 -0.042346 0.351247 -0.125247 0.050400 0.990845 0.434906 0.000000 0.000000 0.000000 1.000000
0.990100 -0.055545 0.128904 0.008052 0.061796 0.997073 -0.045013 0.346153 -0.126027 0.052533 0.990635 0.456384 0.000000 0.000000 0.000000 1.000000
0.992466 -0.034084 0.117686 0.005649 0.037948 0.998806 -0.030751 0.342354 -0.116498 0.034985 0.992575 0.479673 0.000000 0.000000 0.000000 1.000000
0.994252 -0.019323 0.105306 0.003110 0.022215 0.999406 -0.026360 0.340711 -0.104734 0.028548 0.994090 0.503180 0.000000 0.000000 0.000000 1.000000
0.995540 -0.011497 0.093641 0.000595 0.013920 0.999584 -0.025269 0.340591 -0.093312 0.026460 0.995285 0.525854 0.000000 0.000000 0.000000 1.000000
0.996606 -0.011399 0.081530 -0.002056 0.013628 0.999547 -0.026830 0.343045 -0.081187 0.027850 0.996310 0.547517 0.000000 0.000000 0.000000 1.000000
0.997444 -0.011151 0.070573 -0.004009 0.013285 0.999466 -0.029845 0.346538 -0.070203 0.030706 0.997060 0.566128 0.000000 0.000000 0.000000 1.000000
0.998113 -0.009816 0.060620 -0.004369 0.011844 0.999379 -0.033192 0.351333 -0.060256 0.033847 0.997609 0.583343 0.000000 0.000000 0.000000 1.000000
0.998646 -0.009991 0.051054 -0.003302 0.011826 0.999290 -0.035767 0.357343 -0.050660 0.036322 0.998055 0.600878 0.000000 0.000000 0.000000 1.000000
0.999070 -0.009418 0.042079 -0.001598 0.010952 0.999279 -0.036365 0.363206 -0.041706 0.036792 0.998452 0.618036 0.000000 0.000000 0.000000 1.000000
0.999408 -0.007543 0.033580 -0.000002 0.008678 0.999391 -0.033785 0.367741 -0.033305 0.034057 0.998865 0.634897 0.000000 0.000000 0.000000 1.000000</float_array><technique_common><accessor source="#mixamorig_Hips-Matrix-animation-output-transform-array" count="32" stride="16"><param type="float4x4"/></accessor></technique_common></source><source id="mixamorig_Hips-Interpolations"><Name_array id="mixamorig_Hips-Interpolations-array" count="32">
 LINEAR LINEAR LINEAR LINEAR LINEAR LINEAR LINEAR LINEAR LINEAR LINEAR LINEAR
LINEAR LINEAR LINEAR LINEAR LINEAR LINEAR LINEAR LINEAR LINEAR LINEAR LINEAR LINEAR
LINEAR LINEAR LINEAR LINEAR LINEAR LINEAR LINEAR LINEAR LINEAR</Name_array><technique_common><accessor source="#mixamorig_Hips-Interpolations-array" count="32"><param type="name"/></accessor></technique_common></source><sampler id="mixamorig_Hips-Matrix-animation-transform"><input semantic="INPUT" source="#mixamorig_Hips-Matrix-animation-input"/><input semantic="OUTPUT" source="#mixamorig_Hips-Matrix-animation-output-transform"/><input semantic="INTERPOLATION" source="#mixamorig_Hips-Interpolations"/></sampler><channel source="#mixamorig_Hips-Matrix-animation-transform" target="mixamorig_Hips/matrix"/></animation>
    <animation id="mixamorig_Spine-anim" name="mixamorig_Spine"><source id="mixamorig_Spine-Matrix-animation-input"><float_array id="mixamorig_Spine-Matrix-animation-input-array" count="32">

0.000000 0.033333 0.066667 0.100000 0.133333 0.166667 0.200000 0.233333 0.266667 0.300000 0.333333 0.366667 0.400000 0.433333 0.466667 0.500000
0.533333 0.566667 0.600000 0.633333 0.666667 0.700000 0.733333 0.766667 0.800000 0.833333 0.866667 0.900000 0.933333 0.966667 1.000000 1.033333</float_array><technique_common><accessor source="#mixamorig_Spine-Matrix-animation-input-array" count="32"><param name="TIME" type="float"/></accessor></technique_common></source><source id="mixamorig_Spine-Matrix-animation-output-transform"><float_array id="mixamorig_Spine-Matrix-animation-output-transform-array" count="512">

0.999685 0.010758 -0.022675 -0.000000 -0.011948 0.998521 -0.053036 0.028500 0.022071 0.053291 0.998335 -0.001600 0.000000 0.000000 0.000000 1.000000
0.999895 0.013069 -0.006322 0.000000 -0.013348 0.998837 -0.046320 0.028500 0.005710 0.046399 0.998907 -0.001600 0.000000 0.000000 0.000000 1.000000
0.999941 0.000224 0.010877 0.000000 0.000197 0.999252 -0.038678 0.028500 -0.010878 0.038677 0.999193 -0.001600 0.000000 0.000000 0.000000 1.000000
0.998428 -0.041837 0.037291 0.000000 0.042929 0.998657 -0.028999 0.028500 -0.036028 0.030554 0.998884 -0.001600 0.000000 0.000000 0.000000 1.000000
0.995270 -0.076473 0.059917 -0.000000 0.077607 0.996842 -0.016842 0.028500 -0.058440 0.021412 0.998061 -0.001600 0.000000 0.000000 0.000000 1.000000
0.994477 -0.081300 0.066370 -0.000000 0.081968 0.996608 -0.007394 0.028500 -0.065544 0.012794 0.997768 -0.001600 0.000000 0.000000 0.000000 1.000000
0.995136 -0.067386 0.071859 0.000000 0.068070 0.997655 -0.007110 0.028500 -0.071212 0.011967 0.997389 -0.001600 0.000000 0.000000 0.000000 1.000000
0.996370 -0.037874 0.076237 0.000000 0.039148 0.999117 -0.015274 0.028500 -0.075591 0.018203 0.996973 -0.001600 0.000000 0.000000 0.000000 1.000000
0.997072 -0.014372 0.075107 0.000000 0.014998 0.999857 -0.007767 0.028500 -0.074985 0.008871 0.997145 -0.001600 0.000000 0.000000 0.000000 1.000000
0.997475 0.010202 0.070284 0.000000 -0.009820 0.999935 -0.005777 0.028500 -0.070338 0.005073 0.997510 -0.001600 0.000000 0.000000 0.000000 1.000000
0.997469 0.016156 0.069248 0.000000 -0.015502 0.999830 -0.009966 0.028500 -0.069397 0.008867 0.997550 -0.001600 0.000000 0.000000 0.000000 1.000000
0.998371 0.013149 0.055516 0.000000 -0.012314 0.999806 -0.015351 0.028500 -0.055707 0.014642 0.998340 -0.001600 0.000000 0.000000 0.000000 1.000000
0.999714 0.009290 0.022025 0.000000 -0.008806 0.999719 -0.021991 0.028500 -0.022223 0.021791 0.999516 -0.001600 0.000000 0.000000 0.000000 1.000000
0.999910 0.005816 -0.012065 -0.000000 -0.006165 0.999558 -0.029073 0.028500 0.011890 0.029145 0.999504 -0.001600 0.000000 0.000000 0.000000 1.000000
0.999349 0.005144 -0.035718 0.000000 -0.006354 0.999407 -0.033850 0.028500 0.035523 0.034054 0.998788 -0.001600 0.000000 0.000000 0.000000 1.000000
0.998402 0.013012 -0.054984 0.000000 -0.014834 0.999350 -0.032856 0.028500 0.054521 0.033619 0.997947 -0.001600 0.000000 0.000000 0.000000 1.000000
0.997025 0.020885 -0.074194 -0.000000 -0.023174 0.999277 -0.030125 0.028500 0.073511 0.031755 0.996789 -0.001600 0.000000 0.000000 0.000000 1.000000
0.995499 0.026806 -0.090899 -0.000000 -0.029794 0.999054 -0.031675 0.028500 0.089964 0.034241 0.995356 -0.001600 0.000000 0.000000 0.000000 1.000000
0.994032 0.035281 -0.103229 -0.000000 -0.038744 0.998745 -0.031736 0.028500 0.101979 0.035546 0.994151 -0.001600 0.000000 0.000000 0.000000 1.000000
0.990719 0.065672 -0.119010 0.000000 -0.068921 0.997348 -0.023383 0.028500 0.117159 0.031369 0.992618 -0.001600 0.000000 0.000000 0.000000 1.000000
0.987603 0.089841 -0.128719 -0.000000 -0.091803 0.995733 -0.009375 0.028500 0.127328 0.021076 0.991637 -0.001600 0.000000 0.000000 0.000000 1.000000
0.988051 0.090108 -0.125044 -0.000000 -0.090764 0.995872 0.000457 0.028500 0.124569 0.010898 0.992151 -0.001600 0.000000 0.000000 0.000000 1.000000
0.990396 0.075219 -0.116008 -0.000000 -0.076180 0.997087 -0.003867 0.028500 0.115379 0.012668 0.993241 -0.001600 0.000000 0.000000 0.000000 1.000000
0.993426 0.042711 -0.106214 -0.000000 -0.044911 0.998821 -0.018412 0.028500 0.105302 0.023062 0.994173 -0.001600 0.000000 0.000000 0.000000 1.000000
0.993799 0.015887 -0.110049 0.000000 -0.017974 0.999677 -0.017992 0.028500 0.109727 0.019858 0.993763 -0.001600 0.000000 0.000000 0.000000 1.000000
0.992522 0.008797 -0.121747 0.000000 -0.010566 0.999848 -0.013891 0.028500 0.121606 0.015073 0.992464 -0.001600 0.000000 0.000000 0.000000 1.000000
0.993368 0.015900 -0.113875 0.000000 -0.017280 0.999789 -0.011142 0.028500 0.113674 0.013036 0.993433 -0.001600 0.000000 0.000000 0.000000 1.000000
0.996074 0.023560 -0.085333 0.000000 -0.025237 0.999508 -0.018626 0.028500 0.084852 0.020707 0.996178 -0.001600 0.000000 0.000000 0.000000 1.000000
0.997973 0.025382 -0.058358 -0.000000 -0.027016 0.999260 -0.027386 0.028500 0.057620 0.028907 0.997920 -0.001600 0.000000 0.000000 0.000000 1.000000
0.998880 0.022958 -0.041369 0.000000 -0.024274 0.999206 -0.031596 0.028500 0.040611 0.032565 0.998644 -0.001600 0.000000 0.000000 0.000000 1.000000
0.999381 0.017370 -0.030600 0.000000 -0.018554 0.999073 -0.038851 0.028500 0.029896 0.039394 0.998776 -0.001600 0.000000 0.000000 0.000000 1.000000
0.999685 0.010758 -0.022675 -0.000000 -0.011948 0.998521 -0.053036 0.028500 0.022071 0.053291 0.998335 -0.001600 0.000000 0.000000 0.000000 1.000000</float_array><technique_common><accessor source="#mixamorig_Spine-Matrix-animation-output-transform-array" count="32" stride="16"><param type="float4x4"/></accessor></technique_common></source><source id="mixamorig_Spine-Interpolations"><Name_array id="mixamorig_Spine-Interpolations-array" count="32">
 LINEAR LINEAR LINEAR LINEAR LINEAR LINEAR LINEAR LINEAR LINEAR LINEAR LINEAR
LINEAR LINEAR LINEAR LINEAR LINEAR LINEAR LINEAR LINEAR LINEAR LINEAR LINEAR LINEAR
LINEAR LINEAR LINEAR LINEAR LINEAR LINEAR LINEAR LINEAR LINEAR</Name_array><technique_common><accessor source="#mixamorig_Spine-Interpolations-array" count="32"><param type="name"/></accessor></technique_common></source><sampler id="mixamorig_Spine-Matrix-animation-transform"><input semantic="INPUT" source="#mixamorig_Spine-Matrix-animation-input"/><input semantic="OUTPUT" source="#mixamorig_Spine-Matrix-animation-output-transform"/><input semantic="INTERPOLATION" source="#mixamorig_Spine-Interpolations"/></sampler><channel source="#mixamorig_Spine-Matrix-animation-transform" target="mixamorig_Spine/matrix"/></animation>
    <animation id="mixamorig_Spine1-anim" name="mixamorig_Spine1"><source id="mixamorig_Spine1-Matrix-animation-input"><float_array id="mixamorig_Spine1-Matrix-animation-input-array" count="32">

0.000000 0.033333 0.066667 0.100000 0.133333 0.166667 0.200000 0.233333 0.266667 0.300000 0.333333 0.366667 0.400000 0.433333 0.466667 0.500000
0.533333 0.566667 0.600000 0.633333 0.666667 0.700000 0.733333 0.766667 0.800000 0.833333 0.866667 0.900000 0.933333 0.966667 1.000000 1.033333</float_array><technique_common><accessor source="#mixamorig_Spine1-Matrix-animation-input-array" count="32"><param name="TIME" type="float"/></accessor></technique_common></source><source id="mixamorig_Spine1-Matrix-animation-output-transform"><float_array id="mixamorig_Spine1-Matrix-animation-output-transform-array" count="512">

0.998877 -0.019156 -0.043323 -0.000000 0.017270 0.998904 -0.043508 0.033300 0.044109 0.042711 0.998113 -0.000000 0.000000 0.000000 0.000000 1.000000
0.999414 -0.010034 -0.032718 0.000000 0.008757 0.999203 -0.038938 0.033300 0.033082 0.038629 0.998706 -0.000000 0.000000 0.000000 0.000000 1.000000
0.999764 0.001773 -0.021644 -0.000000 -0.002532 0.999380 -0.035116 0.033300 0.021569 0.035162 0.999149 0.000000 0.000000 0.000000 0.000000 1.000000
0.999771 0.018696 -0.010379 0.000000 -0.019039 0.999239 -0.034045 0.033300 0.009735 0.034235 0.999366 0.000000 0.000000 0.000000 0.000000 1.000000
0.999523 0.030816 0.002198 -0.000000 -0.030720 0.998914 -0.035019 0.033300 -0.003275 0.034935 0.999384 0.000000 0.000000 0.000000 0.000000 1.000000
0.999336 0.032198 0.017059 0.000000 -0.031585 0.998887 -0.035042 0.033300 -0.018168 0.034480 0.999240 0.000000 0.000000 0.000000 0.000000 1.000000
0.999084 0.029051 0.031431 0.000000 -0.027933 0.998981 -0.035441 0.033300 -0.032429 0.034531 0.998877 0.000000 0.000000 0.000000 0.000000 1.000000
0.998768 0.026774 0.041775 0.000000 -0.025233 0.998997 -0.036994 0.033300 -0.042724 0.035894 0.998442 0.000000 0.000000 0.000000 0.000000 1.000000
0.998661 0.022616 0.046521 -0.000000 -0.021061 0.999211 -0.033658 0.033300 -0.047246 0.032633 0.998350 0.000000 0.000000 0.000000 0.000000 1.000000
0.998998 0.011301 0.043316 0.000000 -0.010183 0.999612 -0.025935 0.033300 -0.043592 0.025468 0.998725 0.000000 0.000000 0.000000 0.000000 1.000000
0.999347 0.010488 0.034570 0.000000 -0.009724 0.999706 -0.022213 0.033300 -0.034793 0.021862 0.999155 0.000000 0.000000 0.000000 0.000000 1.000000
0.999562 0.011132 0.027419 0.000000 -0.010515 0.999691 -0.022543 0.033300 -0.027662 0.022245 0.999370 0.000000 0.000000 0.000000 0.000000 1.000000
0.999796 0.008767 0.018184 0.000000 -0.008285 0.999618 -0.026376 0.033300 -0.018408 0.026220 0.999487 0.000000 0.000000 0.000000 0.000000 1.000000
0.999977 0.006649 0.001328 -0.000000 -0.006605 0.999498 -0.030991 0.033300 -0.001533 0.030982 0.999519 0.000000 0.000000 0.000000 0.000000 1.000000
0.999805 0.005457 -0.018966 -0.000000 -0.006086 0.999428 -0.033280 0.033300 0.018773 0.033389 0.999266 -0.000000 0.000000 0.000000 0.000000 1.000000
0.999306 0.000020 -0.037244 0.000000 -0.001299 0.999410 -0.034316 0.033300 0.037221 0.034340 0.998717 0.000000 0.000000 0.000000 0.000000 1.000000
0.998479 -0.006735 -0.054714 -0.000000 0.004790 0.999355 -0.035599 0.033300 0.054918 0.035283 0.997867 0.000000 0.000000 0.000000 0.000000 1.000000
0.997222 -0.014360 -0.073095 0.000000 0.011720 0.999268 -0.036426 0.033300 0.073565 0.035469 0.996660 -0.000000 0.000000 0.000000 0.000000 1.000000
0.995594 -0.025092 -0.090348 0.000000 0.021741 0.999046 -0.037879 0.033300 0.091212 0.035748 0.995190 0.000000 0.000000 0.000000 0.000000 1.000000
0.993593 -0.040540 -0.105498 0.000000 0.036187 0.998426 -0.042852 0.033300 0.107069 0.038759 0.993496 0.000000 0.000000 0.000000 0.000000 1.000000
0.991398 -0.050678 -0.120670 0.000000 0.045294 0.997870 -0.046950 0.033300 0.122792 0.041080 0.991582 0.000000 0.000000 0.000000 0.000000 1.000000
0.989758 -0.049732 -0.133816 0.000000 0.044000 0.997997 -0.045458 0.033300 0.135809 0.039105 0.989963 0.000000 0.000000 0.000000 0.000000 1.000000
0.988911 -0.047088 -0.140850 0.000000 0.041153 0.998150 -0.044757 0.033300 0.142697 0.038464 0.989019 0.000000 0.000000 0.000000 0.000000 1.000000
0.988725 -0.046029 -0.142494 0.000000 0.039820 0.998142 -0.046125 0.033300 0.144352 0.039931 0.988720 0.000000 0.000000 0.000000 0.000000 1.000000
0.989519 -0.039623 -0.138857 -0.000000 0.034079 0.998533 -0.042076 0.033300 0.140320 0.036903 0.989418 -0.000000 0.000000 0.000000 0.000000 1.000000
0.990498 -0.042582 -0.130766 0.000000 0.037460 0.998441 -0.041381 0.033300 0.132325 0.036089 0.990549 0.000000 0.000000 0.000000 0.000000 1.000000
0.991362 -0.042442 -0.124097 0.000000 0.037702 0.998476 -0.040299 0.033300 0.125618 0.035272 0.991451 0.000000 0.000000 0.000000 0.000000 1.000000
0.992642 -0.039748 -0.114376 0.000000 0.035265 0.998538 -0.040957 0.033300 0.115837 0.036622 0.992593 0.000000 0.000000 0.000000 0.000000 1.000000
0.994686 -0.036161 -0.096395 -0.000000 0.032031 0.998515 -0.044055 0.033300 0.097845 0.040733 0.994368 -0.000000 0.000000 0.000000 0.000000 1.000000
0.996778 -0.030794 -0.074068 0.000000 0.027405 0.998550 -0.046340 0.033300 0.075388 0.044161 0.996176 -0.000000 0.000000 0.000000 0.000000 1.000000
0.998163 -0.025094 -0.055137 0.000000 0.022573 0.998692 -0.045880 0.033300 0.056216 0.044551 0.997424 -0.000000 0.000000 0.000000 0.000000 1.000000
0.998877 -0.019156 -0.043323 0.000000 0.017270 0.998904 -0.043508 0.033300 0.044109 0.042711 0.998113 0.000000 0.000000 0.000000 0.000000 1.000000</float_array><technique_common><accessor source="#mixamorig_Spine1-Matrix-animation-output-transform-array" count="32" stride="16"><param type="float4x4"/></accessor></technique_common></source><source id="mixamorig_Spine1-Interpolations"><Name_array id="mixamorig_Spine1-Interpolations-array" count="32">
 LINEAR LINEAR LINEAR LINEAR LINEAR LINEAR LINEAR LINEAR LINEAR LINEAR LINEAR
LINEAR LINEAR LINEAR LINEAR LINEAR LINEAR LINEAR LINEAR LINEAR LINEAR LINEAR LINEAR
LINEAR LINEAR LINEAR LINEAR LINEAR LINEAR LINEAR LINEAR LINEAR</Name_array><technique_common><accessor source="#mixamorig_Spine1-Interpolations-array" count="32"><param type="name"/></accessor></technique_common></source><sampler id="mixamorig_Spine1-Matrix-animation-transform"><input semantic="INPUT" source="#mixamorig_Spine1-Matrix-animation-input"/><input semantic="OUTPUT" source="#mixamorig_Spine1-Matrix-animation-output-transform"/><input semantic="INTERPOLATION" source="#mixamorig_Spine1-Interpolations"/></sampler><channel source="#mixamorig_Spine1-Matrix-animation-transform" target="mixamorig_Spine1/matrix"/></animation>
    <animation id="mixamorig_Spine2-anim" name="mixamorig_Spine2"><source id="mixamorig_Spine2-Matrix-animation-input"><float_array id="mixamorig_Spine2-Matrix-animation-input-array" count="32">

0.000000 0.033333 0.066667 0.100000 0.133333 0.166667 0.200000 0.233333 0.266667 0.300000 0.333333 0.366667 0.400000 0.433333 0.466667 0.500000
0.533333 0.566667 0.600000 0.633333 0.666667 0.700000 0.733333 0.766667 0.800000 0.833333 0.866667 0.900000 0.933333 0.966667 1.000000 1.033333</float_array><technique_common><accessor source="#mixamorig_Spine2-Matrix-animation-input-array" count="32"><param name="TIME" type="float"/></accessor></technique_common></source><source id="mixamorig_Spine2-Matrix-animation-output-transform"><float_array id="mixamorig_Spine2-Matrix-animation-output-transform-array" count="512">

0.998867 -0.021109 -0.042657 0.000000 0.019271 0.998887 -0.043048 0.038000 0.043519 0.042178 0.998162 0.000000 0.000000 0.000000 0.000000 1.000000
0.999418 -0.011703 -0.032050 0.000000 0.010461 0.999198 -0.038645 0.038000 0.032477 0.038287 0.998739 0.000000 0.000000 0.000000 0.000000 1.000000
0.999776 0.000374 -0.021160 -0.000000 -0.001111 0.999393 -0.034829 0.038000 0.021135 0.034845 0.999169 -0.000000 0.000000 0.000000 0.000000 1.000000
0.999792 0.017596 -0.010315 0.000000 -0.017932 0.999282 -0.033383 0.038000 0.009720 0.033561 0.999389 0.000000 0.000000 0.000000 0.000000 1.000000
0.999544 0.030130 0.001900 -0.000000 -0.030049 0.998979 -0.033733 0.038000 -0.002914 0.033660 0.999429 0.000000 0.000000 0.000000 0.000000 1.000000
0.999353 0.031898 0.016641 -0.000000 -0.031324 0.998943 -0.033645 0.038000 -0.017696 0.033102 0.999295 -0.000000 0.000000 0.000000 0.000000 1.000000
0.999094 0.029188 0.030965 -0.000000 -0.028120 0.999012 -0.034403 0.038000 -0.031939 0.033501 0.998928 0.000000 0.000000 0.000000 0.000000 1.000000
0.998769 0.027450 0.041316 0.000000 -0.025963 0.999011 -0.036097 0.038000 -0.042266 0.034980 0.998494 0.000000 0.000000 0.000000 0.000000 1.000000
0.998654 0.023139 0.046416 -0.000000 -0.021627 0.999227 -0.032835 0.038000 -0.047140 0.031787 0.998382 0.000000 0.000000 0.000000 0.000000 1.000000
0.998979 0.010984 0.043822 0.000000 -0.009864 0.999621 -0.025687 0.038000 -0.044088 0.025229 0.998709 0.000000 0.000000 0.000000 0.000000 1.000000
0.999329 0.009671 0.035313 0.000000 -0.008910 0.999726 -0.021649 0.038000 -0.035513 0.021320 0.999142 0.000000 0.000000 0.000000 0.000000 1.000000
0.999546 0.010400 0.028278 -0.000000 -0.009787 0.999716 -0.021713 0.038000 -0.028496 0.021426 0.999364 0.000000 0.000000 0.000000 0.000000 1.000000
0.999783 0.008349 0.019070 -0.000000 -0.007859 0.999639 -0.025675 0.038000 -0.019278 0.025520 0.999488 0.000000 0.000000 0.000000 0.000000 1.000000
0.999978 0.006215 0.002147 0.000000 -0.006147 0.999513 -0.030606 0.038000 -0.002336 0.030592 0.999529 0.000000 0.000000 0.000000 0.000000 1.000000
0.999823 0.004633 -0.018240 -0.000000 -0.005237 0.999434 -0.033226 0.038000 0.018076 0.033316 0.999281 0.000000 0.000000 0.000000 0.000000 1.000000
0.999331 -0.001291 -0.036561 0.000000 0.000035 0.999410 -0.034335 0.038000 0.036584 0.034311 0.998741 -0.000000 0.000000 0.000000 0.000000 1.000000
0.998501 -0.008579 -0.054060 0.000000 0.006668 0.999350 -0.035420 0.038000 0.054329 0.035006 0.997909 0.000000 0.000000 0.000000 0.000000 1.000000
0.997233 -0.016652 -0.072445 0.000000 0.014077 0.999256 -0.035913 0.038000 0.072989 0.034794 0.996726 0.000000 0.000000 0.000000 0.000000 1.000000
0.995594 -0.027726 -0.089577 0.000000 0.024527 0.999028 -0.036627 0.038000 0.090506 0.034268 0.995306 0.000000 0.000000 0.000000 0.000000 1.000000
0.993575 -0.043769 -0.104367 0.000000 0.039776 0.998406 -0.040043 0.038000 0.105953 0.035635 0.993732 -0.000000 0.000000 0.000000 0.000000 1.000000
0.991372 -0.054512 -0.119203 0.000000 0.049668 0.997829 -0.043238 0.038000 0.121301 0.036945 0.991928 0.000000 0.000000 0.000000 0.000000 1.000000
0.989750 -0.053574 -0.132382 0.000000 0.048343 0.997930 -0.042416 0.038000 0.134380 0.035581 0.990291 0.000000 0.000000 0.000000 0.000000 1.000000
0.988908 -0.051099 -0.139466 0.000000 0.045600 0.998062 -0.042341 0.038000 0.141359 0.035511 0.989321 0.000000 0.000000 0.000000 0.000000 1.000000
0.988693 -0.050473 -0.141204 0.000000 0.044722 0.998047 -0.043611 0.038000 0.143129 0.036803 0.989019 0.000000 0.000000 0.000000 0.000000 1.000000
0.989458 -0.043584 -0.138109 0.000000 0.038374 0.998456 -0.040171 0.038000 0.139647 0.034448 0.989602 0.000000 0.000000 0.000000 0.000000 1.000000
0.990404 -0.046001 -0.130323 -0.000000 0.041313 0.998406 -0.038459 0.038000 0.131884 0.032706 0.990725 -0.000000 0.000000 0.000000 0.000000 1.000000
0.991261 -0.045446 -0.123842 -0.000000 0.041092 0.998452 -0.037487 0.038000 0.125354 0.032070 0.991594 -0.000000 0.000000 0.000000 0.000000 1.000000
0.992545 -0.042695 -0.114157 0.000000 0.038490 0.998506 -0.038793 0.038000 0.115642 0.034110 0.992705 -0.000000 0.000000 0.000000 0.000000 1.000000
0.994600 -0.039238 -0.096081 0.000000 0.035281 0.998472 -0.042537 0.038000 0.097603 0.038918 0.994464 0.000000 0.000000 0.000000 0.000000 1.000000
0.996720 -0.033640 -0.073603 -0.000000 0.030341 0.998504 -0.045488 0.038000 0.075024 0.043106 0.996250 0.000000 0.000000 0.000000 0.000000 1.000000
0.998136 -0.027394 -0.054531 0.000000 0.024926 0.998657 -0.045427 0.038000 0.055702 0.043983 0.997478 0.000000 0.000000 0.000000 0.000000 1.000000
0.998867 -0.021109 -0.042657 0.000000 0.019271 0.998887 -0.043048 0.038000 0.043519 0.042178 0.998162 0.000000 0.000000 0.000000 0.000000 1.000000</float_array><technique_common><accessor source="#mixamorig_Spine2-Matrix-animation-output-transform-array" count="32" stride="16"><param type="float4x4"/></accessor></technique_common></source><source id="mixamorig_Spine2-Interpolations"><Name_array id="mixamorig_Spine2-Interpolations-array" count="32">
 LINEAR LINEAR LINEAR LINEAR LINEAR LINEAR LINEAR LINEAR LINEAR LINEAR LINEAR
LINEAR LINEAR LINEAR LINEAR LINEAR LINEAR LINEAR LINEAR LINEAR LINEAR LINEAR LINEAR
LINEAR LINEAR LINEAR LINEAR LINEAR LINEAR LINEAR LINEAR LINEAR</Name_array><technique_common><accessor source="#mixamorig_Spine2-Interpolations-array" count="32"><param type="name"/></accessor></technique_common></source><sampler id="mixamorig_Spine2-Matrix-animation-transform"><input semantic="INPUT" source="#mixamorig_Spine2-Matrix-animation-input"/><input semantic="OUTPUT" source="#mixamorig_Spine2-Matrix-animation-output-transform"/><input semantic="INTERPOLATION" source="#mixamorig_Spine2-Interpolations"/></sampler><channel source="#mixamorig_Spine2-Matrix-animation-transform" target="mixamorig_Spine2/matrix"/></animation>
    <animation id="mixamorig_Neck-anim" name="mixamorig_Neck"><source id="mixamorig_Neck-Matrix-animation-input"><float_array id="mixamorig_Neck-Matrix-animation-input-array" count="32">

0.000000 0.033333 0.066667 0.100000 0.133333 0.166667 0.200000 0.233333 0.266667 0.300000 0.333333 0.366667 0.400000 0.433333 0.466667 0.500000
0.533333 0.566667 0.600000 0.633333 0.666667 0.700000 0.733333 0.766667 0.800000 0.833333 0.866667 0.900000 0.933333 0.966667 1.000000 1.033333</float_array><technique_common><accessor source="#mixamorig_Neck-Matrix-animation-input-array" count="32"><param name="TIME" type="float"/></accessor></technique_common></source><source id="mixamorig_Neck-Matrix-animation-output-transform"><float_array id="mixamorig_Neck-Matrix-animation-output-transform-array" count="512">

0.999301 0.004142 0.037153 -0.000000 -0.002426 0.998933 -0.046127 0.042800 -0.037304 0.046004 0.998244 0.000000 0.000000 0.000000 0.000000 1.000000
0.999438 0.006365 0.032913 0.000000 -0.004817 0.998888 -0.046898 0.042800 -0.033175 0.046713 0.998357 -0.000000 0.000000 0.000000 0.000000 1.000000
0.999623 0.004337 0.027098 0.000000 -0.003106 0.998968 -0.045304 0.042800 -0.027266 0.045203 0.998606 0.000000 0.000000 0.000000 0.000000 1.000000
0.999795 -0.005905 0.019354 0.000000 0.006743 0.999031 -0.043503 0.042800 -0.019078 0.043625 0.998866 0.000000 0.000000 0.000000 0.000000 1.000000
0.999797 -0.016764 0.011221 0.000000 0.017245 0.998876 -0.044153 0.042800 -0.010468 0.044337 0.998962 0.000000 0.000000 0.000000 0.000000 1.000000
0.999785 -0.020307 0.004140 0.000000 0.020470 0.998806 -0.044349 0.042800 -0.003235 0.044424 0.999008 -0.000000 0.000000 0.000000 0.000000 1.000000
0.999829 -0.018360 -0.002006 0.000000 0.018260 0.998968 -0.041578 0.042800 0.002767 0.041534 0.999133 0.000000 0.000000 0.000000 0.000000 1.000000
0.999886 -0.013393 -0.006956 0.000000 0.013102 0.999105 -0.040224 0.042800 0.007488 0.040129 0.999166 0.000000 0.000000 0.000000 0.000000 1.000000
0.999964 0.001567 -0.008371 0.000000 -0.001955 0.998915 -0.046528 0.042800 0.008289 0.046542 0.998882 0.000000 0.000000 0.000000 0.000000 1.000000
0.999611 0.027461 -0.004915 0.000000 -0.027677 0.998301 -0.051276 0.042800 0.003499 0.051392 0.998672 0.000000 0.000000 0.000000 0.000000 1.000000
0.999208 0.039796 -0.000710 -0.000000 -0.039780 0.997893 -0.051253 0.042800 -0.001331 0.051241 0.998685 0.000000 0.000000 0.000000 0.000000 1.000000
0.998802 0.048724 0.004591 -0.000000 -0.048411 0.997402 -0.053346 0.042800 -0.007179 0.053060 0.998566 0.000000 0.000000 0.000000 0.000000 1.000000
0.998459 0.054127 0.012274 0.000000 -0.053385 0.997095 -0.054328 0.042800 -0.015179 0.053589 0.998448 0.000000 0.000000 0.000000 0.000000 1.000000
0.998561 0.049282 0.021154 0.000000 -0.048104 0.997436 -0.052978 0.042800 -0.023711 0.051884 0.998372 -0.000000 0.000000 0.000000 0.000000 1.000000
0.998819 0.038413 0.029761 0.000000 -0.036746 0.997829 -0.054658 0.042800 -0.031796 0.053500 0.998062 0.000000 0.000000 0.000000 0.000000 1.000000
0.998815 0.030143 0.038206 -0.000000 -0.027799 0.997782 -0.060481 0.042800 -0.039944 0.059347 0.997438 0.000000 0.000000 0.000000 0.000000 1.000000
0.998633 0.023103 0.046880 -0.000000 -0.019991 0.997632 -0.065810 0.042800 -0.048289 0.064782 0.996730 0.000000 0.000000 0.000000 0.000000 1.000000
0.998264 0.018197 0.056024 0.000000 -0.014454 0.997681 -0.066516 0.042800 -0.057105 0.065591 0.996211 0.000000 0.000000 0.000000 0.000000 1.000000
0.997663 0.020207 0.065268 0.000000 -0.016024 0.997822 -0.063990 0.042800 -0.066419 0.062795 0.995814 0.000000 0.000000 0.000000 0.000000 1.000000
0.996765 0.029845 0.074629 -0.000000 -0.025298 0.997808 -0.061146 0.042800 -0.076291 0.059061 0.995335 0.000000 0.000000 0.000000 0.000000 1.000000
0.995765 0.039117 0.083199 0.000000 -0.034245 0.997659 -0.059194 0.042800 -0.085320 0.056094 0.994773 0.000000 0.000000 0.000000 0.000000 1.000000
0.995090 0.042326 0.089465 0.000000 -0.037446 0.997754 -0.055540 0.042800 -0.091615 0.051917 0.994440 0.000000 0.000000 0.000000 0.000000 1.000000
0.994896 0.039709 0.092767 0.000000 -0.035183 0.998133 -0.049930 0.042800 -0.094576 0.046411 0.994435 0.000000 0.000000 0.000000 0.000000 1.000000
0.995083 0.032214 0.093664 0.000000 -0.027971 0.998537 -0.046271 0.042800 -0.095018 0.043423 0.994528 -0.000000 0.000000 0.000000 0.000000 1.000000
0.995793 0.009143 0.091175 -0.000000 -0.004505 0.998692 -0.050940 0.042800 -0.091521 0.050315 0.994531 0.000000 0.000000 0.000000 0.000000 1.000000
0.996140 -0.002765 0.087730 -0.000000 0.007510 0.998524 -0.053799 0.042800 -0.087452 0.054251 0.994690 0.000000 0.000000 0.000000 0.000000 1.000000
0.996605 -0.014104 0.081115 0.000000 0.018598 0.998318 -0.054911 0.042800 -0.080204 0.056233 0.995191 0.000000 0.000000 0.000000 0.000000 1.000000
0.997224 -0.023376 0.070695 -0.000000 0.027086 0.998281 -0.051977 0.042800 -0.069359 0.053748 0.996143 0.000000 0.000000 0.000000 0.000000 1.000000
0.997990 -0.023150 0.058997 0.000000 0.026066 0.998451 -0.049145 0.042800 -0.057768 0.050584 0.997048 -0.000000 0.000000 0.000000 0.000000 1.000000
0.998718 -0.014904 0.048378 0.000000 0.017306 0.998619 -0.049609 0.042800 -0.047571 0.050382 0.997596 0.000000 0.000000 0.000000 0.000000 1.000000
0.999165 -0.004138 0.040648 0.000000 0.006161 0.998741 -0.049777 0.042800 -0.040391 0.049985 0.997933 0.000000 0.000000 0.000000 0.000000 1.000000
0.999301 0.004142 0.037153 0.000000 -0.002426 0.998933 -0.046127 0.042800 -0.037304 0.046004 0.998244 0.000000 0.000000 0.000000 0.000000 1.000000</float_array><technique_common><accessor source="#mixamorig_Neck-Matrix-animation-output-transform-array" count="32" stride="16"><param type="float4x4"/></accessor></technique_common></source><source id="mixamorig_Neck-Interpolations"><Name_array id="mixamorig_Neck-Interpolations-array" count="32">
 LINEAR LINEAR LINEAR LINEAR LINEAR LINEAR LINEAR LINEAR LINEAR LINEAR LINEAR
LINEAR LINEAR LINEAR LINEAR LINEAR LINEAR LINEAR LINEAR LINEAR LINEAR LINEAR LINEAR
LINEAR LINEAR LINEAR LINEAR LINEAR LINEAR LINEAR LINEAR LINEAR</Name_array><technique_common><accessor source="#mixamorig_Neck-Interpolations-array" count="32"><param type="name"/></accessor></technique_common></source><sampler id="mixamorig_Neck-Matrix-animation-transform"><input semantic="INPUT" source="#mixamorig_Neck-Matrix-animation-input"/><input semantic="OUTPUT" source="#mixamorig_Neck-Matrix-animation-output-transform"/><input semantic="INTERPOLATION" source="#mixamorig_Neck-Interpolations"/></sampler><channel source="#mixamorig_Neck-Matrix-animation-transform" target="mixamorig_Neck/matrix"/></animation>
    <animation id="mixamorig_Head-anim" name="mixamorig_Head"><source id="mixamorig_Head-Matrix-animation-input"><float_array id="mixamorig_Head-Matrix-animation-input-array" count="32">

0.000000 0.033333 0.066667 0.100000 0.133333 0.166667 0.200000 0.233333 0.266667 0.300000 0.333333 0.366667 0.400000 0.433333 0.466667 0.500000
0.533333 0.566667 0.600000 0.633333 0.666667 0.700000 0.733333 0.766667 0.800000 0.833333 0.866667 0.900000 0.933333 0.966667 1.000000 1.033333</float_array><technique_common><accessor source="#mixamorig_Head-Matrix-animation-input-array" count="32"><param name="TIME" type="float"/></accessor></technique_common></source><source id="mixamorig_Head-Matrix-animation-output-transform"><float_array id="mixamorig_Head-Matrix-animation-output-transform-array" count="512">

0.996340 0.032647 0.078999 -0.000000 -0.037096 0.997768 0.055527 0.010600 -0.077010 -0.058255 0.995327 0.008600 0.000000 0.000000 0.000000 1.000000
0.997790 0.032674 0.057860 -0.000000 -0.035549 0.998148 0.049374 0.010600 -0.056139 -0.051322 0.997103 0.008600 0.000000 0.000000 0.000000 1.000000
0.998661 0.032668 0.040123 -0.000000 -0.034635 0.998181 0.049343 0.010600 -0.038438 -0.050667 0.997976 0.008600 0.000000 0.000000 0.000000 1.000000
0.998921 0.038288 0.026298 0.000000 -0.039711 0.997646 0.055908 0.010600 -0.024095 -0.056892 0.998090 0.008600 0.000000 0.000000 0.000000 1.000000
0.998903 0.041941 0.020843 -0.000000 -0.043277 0.996716 0.068436 0.010600 -0.017904 -0.069263 0.997438 0.008600 0.000000 0.000000 0.000000 1.000000
0.998919 0.042160 0.019596 0.000000 -0.043615 0.995765 0.080926 0.010600 -0.016101 -0.081693 0.996527 0.008600 0.000000 0.000000 0.000000 1.000000
0.999048 0.041890 0.012175 -0.000000 -0.042852 0.994640 0.094102 0.010600 -0.008168 -0.094534 0.995488 0.008600 0.000000 0.000000 0.000000 1.000000
0.999399 0.034408 -0.004238 -0.000000 -0.033784 0.994043 0.103617 0.010600 0.007778 -0.103411 0.994608 0.008600 0.000000 0.000000 0.000000 1.000000
0.999636 0.015646 -0.021967 0.000000 -0.013536 0.995563 0.093120 0.010600 0.023327 -0.092789 0.995413 0.008600 0.000000 0.000000 0.000000 1.000000
0.999404 -0.010233 -0.032954 0.000000 0.012474 0.997572 0.068516 0.010600 0.032173 -0.068886 0.997106 0.008600 0.000000 0.000000 0.000000 1.000000
0.998749 -0.034349 -0.036337 0.000000 0.036239 0.997954 0.052681 0.010600 0.034453 -0.053932 0.997950 0.008600 0.000000 0.000000 0.000000 1.000000
0.998729 -0.041869 -0.028056 0.000000 0.043394 0.997478 0.056162 0.010600 0.025634 -0.057309 0.998027 0.008600 0.000000 0.000000 0.000000 1.000000
0.999624 -0.027404 -0.000653 0.000000 0.027382 0.997165 0.070087 0.010600 -0.001269 -0.070078 0.997541 0.008600 0.000000 0.000000 0.000000 1.000000
0.999331 -0.002955 0.036440 -0.000000 0.000205 0.997166 0.075234 0.010600 -0.036559 -0.075176 0.996500 0.008600 0.000000 0.000000 0.000000 1.000000
0.997433 0.015534 0.069904 -0.000000 -0.020025 0.997749 0.064005 0.010600 -0.068753 -0.065241 0.995498 0.008600 0.000000 0.000000 0.000000 1.000000
0.995126 0.024515 0.095515 0.000000 -0.028951 0.998552 0.045342 0.010600 -0.094266 -0.047886 0.994395 0.008600 0.000000 0.000000 0.000000 1.000000
0.992379 0.030540 0.119375 0.000000 -0.034254 0.998987 0.029186 0.010600 -0.118363 -0.033052 0.992420 0.008600 0.000000 0.000000 0.000000 1.000000
0.989005 0.036365 0.143342 0.000000 -0.039846 0.998975 0.021489 0.010600 -0.142414 -0.026964 0.989440 0.008600 0.000000 0.000000 0.000000 1.000000
0.986150 0.038348 0.161363 0.000000 -0.043095 0.998732 0.026018 0.010600 -0.160160 -0.032612 0.986552 0.008600 0.000000 0.000000 0.000000 1.000000
0.984052 0.035415 0.174320 -0.000000 -0.043354 0.998179 0.041949 0.010600 -0.172517 -0.048838 0.983795 0.008600 0.000000 0.000000 0.000000 1.000000
0.982535 0.032725 0.183177 0.000000 -0.044146 0.997304 0.058622 0.010600 -0.180765 -0.065684 0.981331 0.008600 0.000000 0.000000 0.000000 1.000000
0.981894 0.032584 0.186609 0.000000 -0.045756 0.996722 0.066717 0.010600 -0.183824 -0.074048 0.980166 0.008600 0.000000 0.000000 0.000000 1.000000
0.981754 0.033322 0.187212 -0.000000 -0.047893 0.996118 0.073857 0.010600 -0.184024 -0.081476 0.979539 0.008600 0.000000 0.000000 0.000000 1.000000
0.980591 0.041677 0.191582 0.000000 -0.059126 0.994515 0.086281 0.010600 -0.186935 -0.095934 0.977677 0.008600 0.000000 0.000000 0.000000 1.000000
0.975705 0.064898 0.209258 0.000000 -0.084746 0.992569 0.087316 0.010600 -0.202036 -0.102929 0.973954 0.008600 0.000000 0.000000 0.000000 1.000000
0.970354 0.083242 0.226899 0.000000 -0.102369 0.992001 0.073857 0.010600 -0.218936 -0.094894 0.971114 0.008600 0.000000 0.000000 0.000000 1.000000
0.970766 0.080643 0.226077 0.000000 -0.096976 0.993349 0.062078 0.010600 -0.219567 -0.082188 0.972129 0.008600 0.000000 0.000000 0.000000 1.000000
0.977407 0.066904 0.200498 -0.000000 -0.081612 0.994476 0.066006 0.010600 -0.194974 -0.080878 0.977468 0.008600 0.000000 0.000000 0.000000 1.000000
0.985303 0.052587 0.162522 0.000000 -0.065363 0.995092 0.074288 0.010600 -0.157818 -0.083819 0.983904 0.008600 0.000000 0.000000 0.000000 1.000000
0.991460 0.039490 0.124292 0.000000 -0.049012 0.996015 0.074509 0.010600 -0.120854 -0.079964 0.989444 0.008600 0.000000 0.000000 0.000000 1.000000
0.994966 0.032034 0.094957 0.000000 -0.038439 0.997052 0.066402 0.010600 -0.092550 -0.069718 0.993264 0.008600 0.000000 0.000000 0.000000 1.000000
0.996340 0.032647 0.078999 0.000000 -0.037096 0.997768 0.055527 0.010600 -0.077010 -0.058255 0.995327 0.008600 0.000000 0.000000 0.000000 1.000000</float_array><technique_common><accessor source="#mixamorig_Head-Matrix-animation-output-transform-array" count="32" stride="16"><param type="float4x4"/></accessor></technique_common></source><source id="mixamorig_Head-Interpolations"><Name_array id="mixamorig_Head-Interpolations-array" count="32">
 LINEAR LINEAR LINEAR LINEAR LINEAR LINEAR LINEAR LINEAR LINEAR LINEAR LINEAR
LINEAR LINEAR LINEAR LINEAR LINEAR LINEAR LINEAR LINEAR LINEAR LINEAR LINEAR LINEAR
