<?xml version="1.0" encoding="utf-8"?>
<COLLADA xmlns="http://www.collada.org/2005/11/COLLADASchema" version="1.4.1">
  <asset><contributor><author>Mixamo</author><authoring_tool>COLLADA Mixamo exporter</authoring_tool><comments></comments></contributor><created>2014-08-29T16:11:01Z</created><modified>2014-08-29T16:11:01Z</modified><revision></revision><title></title><unit meter="0.025400"/><up_axis>Y_UP</up_axis></asset>
  <library_animations>
    <animation id="mixamorig_Hips-anim" name="mixamorig_Hips"><source id="mixamorig_Hips-Matrix-animation-input"><float_array id="mixamorig_Hips-Matrix-animation-input-array" count="29">

0.000000 0.033333 0.066667 0.100000 0.133333 0.166667 0.200000 0.233333 0.266667 0.300000 0.333333 0.366667 0.400000 0.433333 0.466667 0.500000
0.533333 0.566667 0.600000 0.633333 0.666667 0.700000 0.733333 0.766667 0.800000 0.833333 0.866667 0.900000 0.933333</float_array><technique_common><accessor source="#mixamorig_Hips-Matrix-animation-input-array" count="29"><param name="TIME" type="float"/></accessor></technique_common></source><source id="mixamorig_Hips-Matrix-animation-output-transform"><float_array id="mixamorig_Hips-Matrix-animation-output-transform-array" count="464">

0.992345 0.062745 -0.106370 0.000666 -0.056002 0.996297 0.065241 0.368302 0.110070 -0.058785 0.992184 -0.000908 0.000000 0.000000 0.000000 1.000000
0.992681 0.056275 -0.106853 0.000191 -0.050981 0.997363 0.051649 0.367982 0.109478 -0.045823 0.992932 -0.003738 0.000000 0.000000 0.000000 1.000000
0.992877 0.052140 -0.107132 -0.000464 -0.047888 0.997974 0.041893 0.367458 0.109099 -0.036464 0.993362 -0.006856 0.000000 0.000000 0.000000 1.000000
0.993114 0.046720 -0.107430 -0.001215 -0.043055 0.998417 0.036184 0.367521 0.108950 -0.031310 0.993554 -0.010694 0.000000 0.000000 0.000000 1.000000
0.993316 0.041143 -0.107846 -0.001981 -0.037668 0.998710 0.034064 0.368116 0.109108 -0.029774 0.993584 -0.015032 0.000000 0.000000 0.000000 1.000000
0.993423 0.037674 -0.108131 -0.002580 -0.034100 0.998815 0.034713 0.368477 0.109310 -0.030797 0.993530 -0.019526 0.000000 0.000000 0.000000 1.000000
0.993373 0.039399 -0.107971 -0.002822 -0.035591 0.998682 0.036973 0.368271 0.109286 -0.032885 0.993466 -0.023888 0.000000 0.000000 0.000000 1.000000
0.993206 0.044487 -0.107533 -0.002641 -0.040475 0.998411 0.039208 0.367758 0.109107 -0.034589 0.993428 -0.028092 0.000000 0.000000 0.000000 1.000000
0.992993 0.050014 -0.107068 -0.001823 -0.045804 0.998091 0.041428 0.367145 0.108936 -0.036234 0.993388 -0.032128 0.000000 0.000000 0.000000 1.000000
0.992750 0.055426 -0.106656 -0.000274 -0.050775 0.997658 0.045837 0.366614 0.108946 -0.040089 0.993239 -0.035723 0.000000 0.000000 0.000000 1.000000
0.992518 0.059959 -0.106364 0.001948 -0.054570 0.997109 0.052877 0.366373 0.109227 -0.046677 0.992920 -0.038612 0.000000 0.000000 0.000000 1.000000
0.992374 0.062575 -0.106202 0.004965 -0.056361 0.996574 0.060535 0.366430 0.109626 -0.054088 0.992500 -0.040700 0.000000 0.000000 0.000000 1.000000
0.992399 0.062145 -0.106218 0.008632 -0.055198 0.996216 0.067139 0.366548 0.109988 -0.060766 0.992074 -0.042239 0.000000 0.000000 0.000000 1.000000
0.992728 0.055743 -0.106694 0.012285 -0.048178 0.996225 0.072219 0.366047 0.110317 -0.066554 0.991666 -0.043507 0.000000 0.000000 0.000000 1.000000
0.992800 0.054149 -0.106848 0.015690 -0.045882 0.995868 0.078370 0.365312 0.110651 -0.072904 0.991182 -0.044278 0.000000 0.000000 0.000000 1.000000
0.992474 0.060518 -0.106455 0.019041 -0.051446 0.994966 0.085999 0.365110 0.111124 -0.079875 0.990591 -0.044243 0.000000 0.000000 0.000000 1.000000
0.991814 0.071707 -0.105658 0.022191 -0.062171 0.993914 0.090936 0.365758 0.111536 -0.083623 0.990236 -0.043191 0.000000 0.000000 0.000000 1.000000
0.991296 0.079347 -0.105056 0.024738 -0.069621 0.993209 0.093217 0.366567 0.111739 -0.085092 0.990088 -0.041069 0.000000 0.000000 0.000000 1.000000
0.990992 0.083465 -0.104733 0.026600 -0.073487 0.992688 0.095765 0.367263 0.111961 -0.087206 0.989879 -0.037953 0.000000 0.000000 0.000000 1.000000
0.990579 0.088669 -0.104364 0.027768 -0.078638 0.992212 0.096596 0.367960 0.112116 -0.087479 0.989837 -0.034019 0.000000 0.000000 0.000000 1.000000
0.990379 0.091069 -0.104187 0.028186 -0.081244 0.992161 0.094951 0.368280 0.112017 -0.085573 0.990015 -0.029277 0.000000 0.000000 0.000000 1.000000
0.990575 0.088754 -0.104329 0.027671 -0.079085 0.992480 0.093424 0.368227 0.111836 -0.084293 0.990145 -0.023789 0.000000 0.000000 0.000000 1.000000
0.991063 0.082595 -0.104744 0.025858 -0.072864 0.992944 0.093554 0.367602 0.111732 -0.085086 0.990089 -0.017787 0.000000 0.000000 0.000000 1.000000
0.991878 0.070981 -0.105545 0.022675 -0.061195 0.993762 0.093235 0.366271 0.111505 -0.086019 0.990034 -0.011763 0.000000 0.000000 0.000000 1.000000
0.992371 0.062755 -0.106124 0.018794 -0.053296 0.994539 0.089733 0.365561 0.111175 -0.083392 0.990296 -0.006601 0.000000 0.000000 0.000000 1.000000
0.992600 0.058420 -0.106458 0.014573 -0.049341 0.995071 0.086014 0.365902 0.110958 -0.080124 0.990590 -0.002788 0.000000 0.000000 0.000000 1.000000
0.992661 0.057124 -0.106590 0.009905 -0.048294 0.995324 0.083655 0.366920 0.110870 -0.077893 0.990778 -0.000488 0.000000 0.000000 0.000000 1.000000
0.992514 0.059853 -0.106457 0.005060 -0.051691 0.995625 0.077845 0.367840 0.110651 -0.071759 0.991265 0.000142 0.000000 0.000000 0.000000 1.000000
0.992345 0.062745 -0.106370 0.000666 -0.056001 0.996297 0.065241 0.368302 0.110070 -0.058785 0.992184 -0.000908 0.000000 0.000000 0.000000 1.000000</float_array><technique_common><accessor source="#mixamorig_Hips-Matrix-animation-output-transform-array" count="29" stride="16"><param type="float4x4"/></accessor></technique_common></source><source id="mixamorig_Hips-Interpolations"><Name_array id="mixamorig_Hips-Interpolations-array" count="29">
 LINEAR LINEAR LINEAR LINEAR LINEAR LINEAR LINEAR LINEAR LINEAR LINEAR LINEAR
LINEAR LINEAR LINEAR LINEAR LINEAR LINEAR LINEAR LINEAR LINEAR LINEAR LINEAR LINEAR
LINEAR LINEAR LINEAR LINEAR LINEAR LINEAR</Name_array><technique_common><accessor source="#mixamorig_Hips-Interpolations-array" count="29"><param type="name"/></accessor></technique_common></source><sampler id="mixamorig_Hips-Matrix-animation-transform"><input semantic="INPUT" source="#mixamorig_Hips-Matrix-animation-input"/><input semantic="OUTPUT" source="#mixamorig_Hips-Matrix-animation-output-transform"/><input semantic="INTERPOLATION" source="#mixamorig_Hips-Interpolations"/></sampler><channel source="#mixamorig_Hips-Matrix-animation-transform" target="mixamorig_Hips/matrix"/></animation>
    <animation id="mixamorig_Spine-anim" name="mixamorig_Spine"><source id="mixamorig_Spine-Matrix-animation-input"><float_array id="mixamorig_Spine-Matrix-animation-input-array" count="29">

0.000000 0.033333 0.066667 0.100000 0.133333 0.166667 0.200000 0.233333 0.266667 0.300000 0.333333 0.366667 0.400000 0.433333 0.466667 0.500000
0.533333 0.566667 0.600000 0.633333 0.666667 0.700000 0.733333 0.766667 0.800000 0.833333 0.866667 0.900000 0.933333</float_array><technique_common><accessor source="#mixamorig_Spine-Matrix-animation-input-array" count="29"><param name="TIME" type="float"/></accessor></technique_common></source><source id="mixamorig_Spine-Matrix-animation-output-transform"><float_array id="mixamorig_Spine-Matrix-animation-output-transform-array" count="464">

0.998664 -0.045559 0.024396 0.000000 0.045651 0.998952 -0.003225 0.028500 -0.024224 0.004335 0.999697 -0.001600 0.000000 0.000000 0.000000 1.000000
0.998462 -0.047674 0.028293 0.000000 0.047837 0.998842 -0.005113 0.028500 -0.028017 0.006458 0.999587 -0.001600 0.000000 0.000000 0.000000 1.000000
0.998207 -0.051045 0.031270 0.000000 0.051293 0.998658 -0.007175 0.028500 -0.030862 0.008766 0.999485 -0.001600 0.000000 0.000000 0.000000 1.000000
0.998177 -0.049741 0.034192 -0.000000 0.050090 0.998700 -0.009425 0.028500 -0.033679 0.011121 0.999371 -0.001600 0.000000 0.000000 0.000000 1.000000
0.998340 -0.043667 0.037556 0.000000 0.044126 0.998960 -0.011477 0.028500 -0.037016 0.013115 0.999229 -0.001600 0.000000 0.000000 0.000000 1.000000
0.998493 -0.035928 0.041478 0.000000 0.036470 0.999258 -0.012385 0.028500 -0.041002 0.013879 0.999063 -0.001600 0.000000 0.000000 0.000000 1.000000
0.998422 -0.032068 0.046104 0.000000 0.032622 0.999404 -0.011315 0.028500 -0.045714 0.012801 0.998873 -0.001600 0.000000 0.000000 0.000000 1.000000
0.998247 -0.031567 0.050062 0.000000 0.032028 0.999451 -0.008432 0.028500 -0.049768 0.010021 0.998711 -0.001600 0.000000 0.000000 0.000000 1.000000
0.998176 -0.031498 0.051498 0.000000 0.031792 0.999483 -0.004890 0.028500 -0.051317 0.006518 0.998661 -0.001600 0.000000 0.000000 0.000000 1.000000
0.998129 -0.031421 0.052449 0.000000 0.031571 0.999499 -0.002039 0.028500 -0.052359 0.003691 0.998622 -0.001600 0.000000 0.000000 0.000000 1.000000
0.997980 -0.030570 0.055692 0.000000 0.030607 0.999531 0.000185 0.028500 -0.055672 0.001520 0.998448 -0.001600 0.000000 0.000000 0.000000 1.000000
0.997687 -0.030125 0.060941 0.000000 0.029995 0.999545 0.003039 0.028500 -0.061005 -0.001204 0.998137 -0.001600 0.000000 0.000000 0.000000 1.000000
0.997409 -0.031774 0.064540 0.000000 0.031459 0.999488 0.005885 0.028500 -0.064694 -0.003840 0.997898 -0.001600 0.000000 0.000000 0.000000 1.000000
0.997569 -0.028887 0.063421 0.000000 0.028520 0.999571 0.006685 0.028500 -0.063587 -0.004860 0.997964 -0.001600 0.000000 0.000000 0.000000 1.000000
0.997910 -0.027528 0.058466 -0.000000 0.027266 0.999614 0.005284 0.028500 -0.058589 -0.003679 0.998275 -0.001600 0.000000 0.000000 0.000000 1.000000
0.998144 -0.031755 0.051964 0.000000 0.031635 0.999495 0.003124 0.028500 -0.052037 -0.001474 0.998644 -0.001600 0.000000 0.000000 0.000000 1.000000
0.998208 -0.039755 0.044726 0.000000 0.039692 0.999209 0.002300 0.028500 -0.044782 -0.000520 0.998997 -0.001600 0.000000 0.000000 0.000000 1.000000
0.998321 -0.042302 0.039573 -0.000000 0.042295 0.999105 0.001016 0.028500 -0.039580 0.000660 0.999216 -0.001600 0.000000 0.000000 0.000000 1.000000
0.998499 -0.039673 0.037773 -0.000000 0.039784 0.999206 -0.002190 0.028500 -0.037656 0.003689 0.999284 -0.001600 0.000000 0.000000 0.000000 1.000000
0.998675 -0.037257 0.035507 0.000000 0.037461 0.999285 -0.005092 0.028500 -0.035292 0.006416 0.999356 -0.001600 0.000000 0.000000 0.000000 1.000000
0.998999 -0.033373 0.029787 -0.000000 0.033606 0.999408 -0.007325 0.028500 -0.029525 0.008319 0.999529 -0.001600 0.000000 0.000000 0.000000 1.000000
0.999391 -0.026926 0.022194 0.000000 0.027149 0.999583 -0.009793 0.028500 -0.021921 0.010389 0.999706 -0.001600 0.000000 0.000000 0.000000 1.000000
0.999735 -0.017163 0.015340 0.000000 0.017343 0.999782 -0.011663 0.028500 -0.015136 0.011926 0.999814 -0.001600 0.000000 0.000000 0.000000 1.000000
0.999958 -0.002667 0.008809 0.000000 0.002769 0.999930 -0.011532 0.028500 -0.008778 0.011556 0.999895 -0.001600 0.000000 0.000000 0.000000 1.000000
0.999995 0.002819 0.001553 -0.000000 -0.002804 0.999949 -0.009714 0.028500 -0.001580 0.009710 0.999952 -0.001600 0.000000 0.000000 0.000000 1.000000
0.999990 -0.003486 -0.002786 0.000000 0.003462 0.999958 -0.008494 0.028500 0.002816 0.008485 0.999960 -0.001600 0.000000 0.000000 0.000000 1.000000
0.999870 -0.016129 0.000852 -0.000000 0.016135 0.999837 -0.008123 0.028500 -0.000721 0.008135 0.999967 -0.001600 0.000000 0.000000 0.000000 1.000000
0.999448 -0.030965 0.012052 0.000000 0.031047 0.999496 -0.006690 0.028500 -0.011839 0.007061 0.999905 -0.001600 0.000000 0.000000 0.000000 1.000000
0.998664 -0.045559 0.024396 0.000000 0.045651 0.998952 -0.003225 0.028500 -0.024224 0.004335 0.999697 -0.001600 0.000000 0.000000 0.000000 1.000000</float_array><technique_common><accessor source="#mixamorig_Spine-Matrix-animation-output-transform-array" count="29" stride="16"><param type="float4x4"/></accessor></technique_common></source><source id="mixamorig_Spine-Interpolations"><Name_array id="mixamorig_Spine-Interpolations-array" count="29">
 LINEAR LINEAR LINEAR LINEAR LINEAR LINEAR LINEAR LINEAR LINEAR LINEAR LINEAR
LINEAR LINEAR LINEAR LINEAR LINEAR LINEAR LINEAR LINEAR LINEAR LINEAR LINEAR LINEAR
LINEAR LINEAR LINEAR LINEAR LINEAR LINEAR</Name_array><technique_common><accessor source="#mixamorig_Spine-Interpolations-array" count="29"><param type="name"/></accessor></technique_common></source><sampler id="mixamorig_Spine-Matrix-animation-transform"><input semantic="INPUT" source="#mixamorig_Spine-Matrix-animation-input"/><input semantic="OUTPUT" source="#mixamorig_Spine-Matrix-animation-output-transform"/><input semantic="INTERPOLATION" source="#mixamorig_Spine-Interpolations"/></sampler><channel source="#mixamorig_Spine-Matrix-animation-transform" target="mixamorig_Spine/matrix"/></animation>
    <animation id="mixamorig_Spine1-anim" name="mixamorig_Spine1"><source id="mixamorig_Spine1-Matrix-animation-input"><float_array id="mixamorig_Spine1-Matrix-animation-input-array" count="29">

0.000000 0.033333 0.066667 0.100000 0.133333 0.166667 0.200000 0.233333 0.266667 0.300000 0.333333 0.366667 0.400000 0.433333 0.466667 0.500000
0.533333 0.566667 0.600000 0.633333 0.666667 0.700000 0.733333 0.766667 0.800000 0.833333 0.866667 0.900000 0.933333</float_array><technique_common><accessor source="#mixamorig_Spine1-Matrix-animation-input-array" count="29"><param name="TIME" type="float"/></accessor></technique_common></source><source id="mixamorig_Spine1-Matrix-animation-output-transform"><float_array id="mixamorig_Spine1-Matrix-animation-output-transform-array" count="464">

0.999615 -0.027380 0.004440 0.000000 0.027464 0.999420 -0.020122 0.033300 -0.003886 0.020236 0.999788 0.000000 0.000000 0.000000 0.000000 1.000000
0.999594 -0.027571 0.007129 -0.000000 0.027721 0.999378 -0.021802 0.033300 -0.006523 0.021991 0.999737 0.000000 0.000000 0.000000 0.000000 1.000000
0.999517 -0.029718 0.009046 0.000000 0.029923 0.999275 -0.023523 0.033300 -0.008340 0.023783 0.999682 -0.000000 0.000000 0.000000 0.000000 1.000000
0.999376 -0.033448 0.011311 0.000000 0.033726 0.999109 -0.025355 0.033300 -0.010452 0.025721 0.999615 0.000000 0.000000 0.000000 0.000000 1.000000
0.999183 -0.037734 0.014502 0.000000 0.038116 0.998906 -0.027090 0.033300 -0.013464 0.027621 0.999528 0.000000 0.000000 0.000000 0.000000 1.000000
0.998931 -0.042449 0.018279 -0.000000 0.042947 0.998691 -0.027799 0.033300 -0.017075 0.028554 0.999446 -0.000000 0.000000 0.000000 0.000000 1.000000
0.998591 -0.048158 0.022309 -0.000000 0.048750 0.998452 -0.026761 0.033300 -0.020986 0.027811 0.999393 0.000000 0.000000 0.000000 0.000000 1.000000
0.998161 -0.054932 0.025653 0.000000 0.055553 0.998163 -0.024181 0.033300 -0.024278 0.025562 0.999378 0.000000 0.000000 0.000000 0.000000 1.000000
0.997702 -0.062126 0.027041 0.000000 0.062703 0.997811 -0.021030 0.033300 -0.025676 0.022677 0.999413 0.000000 0.000000 0.000000 0.000000 1.000000
0.997212 -0.069126 0.028102 0.000000 0.069656 0.997402 -0.018351 0.033300 -0.026760 0.020257 0.999437 -0.000000 0.000000 0.000000 0.000000 1.000000
0.996614 -0.076165 0.030978 0.000000 0.076688 0.996926 -0.016048 0.033300 -0.029660 0.018369 0.999391 0.000000 0.000000 0.000000 0.000000 1.000000
0.995892 -0.083380 0.035309 0.000000 0.083890 0.996387 -0.013209 0.033300 -0.034080 0.016117 0.999289 0.000000 0.000000 0.000000 0.000000 1.000000
0.995305 -0.088797 0.038519 0.000000 0.089262 0.995952 -0.010534 0.033300 -0.037428 0.013923 0.999202 0.000000 0.000000 0.000000 0.000000 1.000000
0.995057 -0.091830 0.037808 -0.000000 0.092253 0.995690 -0.009581 0.033300 -0.036765 0.013022 0.999239 -0.000000 0.000000 0.000000 0.000000 1.000000
0.994836 -0.095626 0.034007 0.000000 0.096038 0.995320 -0.010700 0.033300 -0.032824 0.013910 0.999364 0.000000 0.000000 0.000000 0.000000 1.000000
0.994500 -0.100623 0.029073 0.000000 0.101029 0.994801 -0.012838 0.033300 -0.027630 0.015704 0.999495 0.000000 0.000000 0.000000 0.000000 1.000000
0.994252 -0.104432 0.023590 0.000000 0.104781 0.994396 -0.014083 0.033300 -0.021987 0.016473 0.999623 0.000000 0.000000 0.000000 0.000000 1.000000
0.994347 -0.104383 0.019476 0.000000 0.104688 0.994386 -0.015370 0.033300 -0.017763 0.017322 0.999692 0.000000 0.000000 0.000000 0.000000 1.000000
0.994658 -0.101659 0.017891 0.000000 0.101977 0.994626 -0.017878 0.033300 -0.015978 0.019607 0.999680 0.000000 0.000000 0.000000 0.000000 1.000000
0.995059 -0.098011 0.015867 0.000000 0.098323 0.994949 -0.020239 0.033300 -0.013804 0.021700 0.999669 0.000000 0.000000 0.000000 0.000000 1.000000
0.995692 -0.092048 0.011137 0.000000 0.092277 0.995486 -0.022172 0.033300 -0.009046 0.023104 0.999692 -0.000000 0.000000 0.000000 0.000000 1.000000
0.996564 -0.082667 0.005190 0.000000 0.082770 0.996274 -0.024227 0.033300 -0.003168 0.024573 0.999693 -0.000000 0.000000 0.000000 0.000000 1.000000
0.997437 -0.071556 0.000040 0.000000 0.071534 0.997109 -0.025641 0.033300 0.001795 0.025579 0.999671 -0.000000 0.000000 0.000000 0.000000 1.000000
0.998213 -0.059569 -0.004766 0.000000 0.059429 0.997909 -0.025411 0.033300 0.006270 0.025082 0.999666 -0.000000 0.000000 0.000000 0.000000 1.000000
0.998788 -0.048058 -0.010629 -0.000000 0.047790 0.998565 -0.024173 0.033300 0.011775 0.023636 0.999651 0.000000 0.000000 0.000000 0.000000 1.000000
0.999184 -0.037525 -0.014937 0.000000 0.037166 0.999030 -0.023619 0.033300 0.015809 0.023044 0.999609 0.000000 0.000000 0.000000 0.000000 1.000000
0.999493 -0.029042 -0.013026 0.000000 0.028729 0.999308 -0.023629 0.033300 0.013703 0.023243 0.999636 0.000000 0.000000 0.000000 0.000000 1.000000
0.999660 -0.025647 -0.004744 -0.000000 0.025534 0.999417 -0.022679 0.033300 0.005323 0.022550 0.999732 0.000000 0.000000 0.000000 0.000000 1.000000
0.999615 -0.027380 0.004440 0.000000 0.027464 0.999420 -0.020122 0.033300 -0.003886 0.020236 0.999788 0.000000 0.000000 0.000000 0.000000 1.000000</float_array><technique_common><accessor source="#mixamorig_Spine1-Matrix-animation-output-transform-array" count="29" stride="16"><param type="float4x4"/></accessor></technique_common></source><source id="mixamorig_Spine1-Interpolations"><Name_array id="mixamorig_Spine1-Interpolations-array" count="29">
 LINEAR LINEAR LINEAR LINEAR LINEAR LINEAR LINEAR LINEAR LINEAR LINEAR LINEAR
LINEAR LINEAR LINEAR LINEAR LINEAR LINEAR LINEAR LINEAR LINEAR LINEAR LINEAR LINEAR
LINEAR LINEAR LINEAR LINEAR LINEAR LINEAR</Name_array><technique_common><accessor source="#mixamorig_Spine1-Interpolations-array" count="29"><param type="name"/></accessor></technique_common></source><sampler id="mixamorig_Spine1-Matrix-animation-transform"><input semantic="INPUT" source="#mixamorig_Spine1-Matrix-animation-input"/><input semantic="OUTPUT" source="#mixamorig_Spine1-Matrix-animation-output-transform"/><input semantic="INTERPOLATION" source="#mixamorig_Spine1-Interpolations"/></sampler><channel source="#mixamorig_Spine1-Matrix-animation-transform" target="mixamorig_Spine1/matrix"/></animation>
    <animation id="mixamorig_Spine2-anim" name="mixamorig_Spine2"><source id="mixamorig_Spine2-Matrix-animation-input"><float_array id="mixamorig_Spine2-Matrix-animation-input-array" count="29">

0.000000 0.033333 0.066667 0.100000 0.133333 0.166667 0.200000 0.233333 0.266667 0.300000 0.333333 0.366667 0.400000 0.433333 0.466667 0.500000
0.533333 0.566667 0.600000 0.633333 0.666667 0.700000 0.733333 0.766667 0.800000 0.833333 0.866667 0.900000 0.933333</float_array><technique_common><accessor source="#mixamorig_Spine2-Matrix-animation-input-array" count="29"><param name="TIME" type="float"/></accessor></technique_common></source><source id="mixamorig_Spine2-Matrix-animation-output-transform"><float_array id="mixamorig_Spine2-Matrix-animation-output-transform-array" count="464">

0.999611 -0.027455 0.004822 0.000000 0.027545 0.999427 -0.019671 0.038000 -0.004279 0.019796 0.999795 -0.000000 0.000000 0.000000 0.000000 1.000000
0.999608 -0.026934 0.007583 0.000000 0.027090 0.999406 -0.021290 0.038000 -0.007005 0.021487 0.999745 -0.000000 0.000000 0.000000 0.000000 1.000000
0.999592 -0.026946 0.009505 -0.000000 0.027158 0.999367 -0.022963 0.038000 -0.008880 0.023212 0.999691 0.000000 0.000000 0.000000 0.000000 1.000000
0.999558 -0.027359 0.011672 0.000000 0.027642 0.999311 -0.024769 0.038000 -0.010986 0.025081 0.999625 0.000000 0.000000 0.000000 0.000000 1.000000
0.999518 -0.027365 0.014658 0.000000 0.027747 0.999263 -0.026507 0.038000 -0.013922 0.026901 0.999541 0.000000 0.000000 0.000000 0.000000 1.000000
0.999470 -0.026999 0.018161 -0.000000 0.027488 0.999251 -0.027236 0.038000 -0.017412 0.027720 0.999464 0.000000 0.000000 0.000000 0.000000 1.000000
0.999396 -0.026980 0.021891 0.000000 0.027551 0.999277 -0.026218 0.038000 -0.021167 0.026805 0.999417 0.000000 0.000000 0.000000 0.000000 1.000000
0.999310 -0.027551 0.024913 -0.000000 0.028141 0.999324 -0.023666 0.038000 -0.024244 0.024350 0.999409 0.000000 0.000000 0.000000 0.000000 1.000000
0.999264 -0.028242 0.025977 -0.000000 0.028780 0.999374 -0.020555 0.038000 -0.025380 0.021288 0.999451 -0.000000 0.000000 0.000000 0.000000 1.000000
0.999232 -0.028661 0.026726 -0.000000 0.029146 0.999415 -0.017921 0.038000 -0.026197 0.018687 0.999482 0.000000 0.000000 0.000000 0.000000 1.000000
0.999142 -0.029283 0.029288 0.000000 0.029750 0.999435 -0.015662 0.038000 -0.028812 0.016520 0.999448 0.000000 0.000000 0.000000 0.000000 1.000000
0.998982 -0.030430 0.033306 -0.000000 0.030873 0.999441 -0.012860 0.038000 -0.032896 0.013875 0.999362 -0.000000 0.000000 0.000000 0.000000 1.000000
0.998884 -0.030259 0.036277 0.000000 0.030648 0.999478 -0.010214 0.038000 -0.035949 0.011314 0.999290 0.000000 0.000000 0.000000 0.000000 1.000000
0.998972 -0.028331 0.035401 -0.000000 0.028677 0.999546 -0.009288 0.038000 -0.035122 0.010294 0.999330 -0.000000 0.000000 0.000000 0.000000 1.000000
0.999111 -0.028020 0.031489 -0.000000 0.028360 0.999544 -0.010410 0.038000 -0.031182 0.011293 0.999450 0.000000 0.000000 0.000000 0.000000 1.000000
0.999200 -0.029985 0.026472 0.000000 0.030326 0.999461 -0.012561 0.038000 -0.026081 0.013354 0.999571 -0.000000 0.000000 0.000000 0.000000 1.000000
0.999270 -0.032018 0.020861 0.000000 0.032311 0.999382 -0.013865 0.038000 -0.020404 0.014529 0.999686 0.000000 0.000000 0.000000 0.000000 1.000000
0.999361 -0.031656 0.016610 0.000000 0.031909 0.999375 -0.015188 0.038000 -0.016119 0.015708 0.999747 0.000000 0.000000 0.000000 0.000000 1.000000
0.999423 -0.030489 0.015003 0.000000 0.030753 0.999371 -0.017679 0.038000 -0.014454 0.018130 0.999731 0.000000 0.000000 0.000000 0.000000 1.000000
0.999426 -0.031248 0.013090 0.000000 0.031506 0.999303 -0.020000 0.038000 -0.012456 0.020401 0.999714 0.000000 0.000000 0.000000 0.000000 1.000000
0.999450 -0.032050 0.008546 0.000000 0.032230 0.999241 -0.021869 0.038000 -0.007839 0.022133 0.999724 0.000000 0.000000 0.000000 0.000000 1.000000
0.999511 -0.031147 0.002861 0.000000 0.031206 0.999229 -0.023832 0.038000 -0.002116 0.023910 0.999712 0.000000 0.000000 0.000000 0.000000 1.000000
0.999560 -0.029602 -0.001997 0.000000 0.029543 0.999247 -0.025137 0.038000 0.002740 0.025067 0.999682 0.000000 0.000000 0.000000 0.000000 1.000000
0.999598 -0.027586 -0.006524 0.000000 0.027416 0.999317 -0.024774 0.038000 0.007203 0.024585 0.999672 -0.000000 0.000000 0.000000 0.000000 1.000000
0.999598 -0.025709 -0.011991 0.000000 0.025423 0.999402 -0.023434 0.038000 0.012587 0.023120 0.999653 0.000000 0.000000 0.000000 0.000000 1.000000
0.999592 -0.023805 -0.015760 -0.000000 0.023441 0.999463 -0.022893 0.038000 0.016296 0.022514 0.999614 0.000000 0.000000 0.000000 0.000000 1.000000
0.999661 -0.022375 -0.013303 -0.000000 0.022065 0.999492 -0.023006 0.038000 0.013811 0.022705 0.999647 -0.000000 0.000000 0.000000 0.000000 1.000000
0.999705 -0.023839 -0.004616 0.000000 0.023731 0.999473 -0.022162 0.038000 0.005141 0.022046 0.999744 0.000000 0.000000 0.000000 0.000000 1.000000
0.999611 -0.027455 0.004822 0.000000 0.027545 0.999427 -0.019671 0.038000 -0.004279 0.019796 0.999795 0.000000 0.000000 0.000000 0.000000 1.000000</float_array><technique_common><accessor source="#mixamorig_Spine2-Matrix-animation-output-transform-array" count="29" stride="16"><param type="float4x4"/></accessor></technique_common></source><source id="mixamorig_Spine2-Interpolations"><Name_array id="mixamorig_Spine2-Interpolations-array" count="29">
 LINEAR LINEAR LINEAR LINEAR LINEAR LINEAR LINEAR LINEAR LINEAR LINEAR LINEAR
LINEAR LINEAR LINEAR LINEAR LINEAR LINEAR LINEAR LINEAR LINEAR LINEAR LINEAR LINEAR
LINEAR LINEAR LINEAR LINEAR LINEAR LINEAR</Name_array><technique_common><accessor source="#mixamorig_Spine2-Interpolations-array" count="29"><param type="name"/></accessor></technique_common></source><sampler id="mixamorig_Spine2-Matrix-animation-transform"><input semantic="INPUT" source="#mixamorig_Spine2-Matrix-animation-input"/><input semantic="OUTPUT" source="#mixamorig_Spine2-Matrix-animation-output-transform"/><input semantic="INTERPOLATION" source="#mixamorig_Spine2-Interpolations"/></sampler><channel source="#mixamorig_Spine2-Matrix-animation-transform" target="mixamorig_Spine2/matrix"/></animation>
    <animation id="mixamorig_Neck-anim" name="mixamorig_Neck"><source id="mixamorig_Neck-Matrix-animation-input"><float_array id="mixamorig_Neck-Matrix-animation-input-array" count="29">

0.000000 0.033333 0.066667 0.100000 0.133333 0.166667 0.200000 0.233333 0.266667 0.300000 0.333333 0.366667 0.400000 0.433333 0.466667 0.500000
0.533333 0.566667 0.600000 0.633333 0.666667 0.700000 0.733333 0.766667 0.800000 0.833333 0.866667 0.900000 0.933333</float_array><technique_common><accessor source="#mixamorig_Neck-Matrix-animation-input-array" count="29"><param name="TIME" type="float"/></accessor></technique_common></source><source id="mixamorig_Neck-Matrix-animation-output-transform"><float_array id="mixamorig_Neck-Matrix-animation-output-transform-array" count="464">

0.999968 -0.007936 -0.001378 -0.000000 0.007634 0.988335 -0.152101 0.042800 0.002569 0.152086 0.988364 -0.000000 0.000000 0.000000 0.000000 1.000000
0.999950 -0.002117 0.009811 -0.000000 0.003565 0.988674 -0.150040 0.042800 -0.009382 0.150067 0.988631 0.000000 0.000000 0.000000 0.000000 1.000000
0.999466 0.007777 0.031730 0.000000 -0.002831 0.988218 -0.153025 0.042800 -0.032547 0.152854 0.987713 0.000000 0.000000 0.000000 0.000000 1.000000
0.998032 0.019233 0.059693 0.000000 -0.009392 0.986918 -0.160948 0.042800 -0.062007 0.160070 0.985156 0.000000 0.000000 0.000000 0.000000 1.000000
0.995511 0.030249 0.089684 0.000000 -0.014491 0.985094 -0.171406 0.042800 -0.093532 0.169337 0.981110 0.000000 0.000000 0.000000 0.000000 1.000000
0.992330 0.038561 0.117448 0.000000 -0.016712 0.983227 -0.181619 0.042800 -0.122481 0.178263 0.976330 -0.000000 0.000000 0.000000 0.000000 1.000000
0.989408 0.043615 0.138457 -0.000000 -0.016727 0.981697 -0.189712 0.042800 -0.144197 0.185387 0.972028 0.000000 0.000000 0.000000 0.000000 1.000000
0.987725 0.045711 0.149366 -0.000000 -0.016025 0.980832 -0.194197 0.042800 -0.155379 0.189420 0.969524 -0.000000 0.000000 0.000000 0.000000 1.000000
0.986741 0.046805 0.155404 0.000000 -0.015619 0.980455 -0.196121 0.042800 -0.161546 0.191094 0.968187 0.000000 0.000000 0.000000 0.000000 1.000000
0.986397 0.047547 0.157354 -0.000000 -0.015927 0.980394 -0.196405 0.042800 -0.163607 0.191227 0.967815 0.000000 0.000000 0.000000 0.000000 1.000000
0.986660 0.047707 0.155648 0.000000 -0.016392 0.980353 -0.196569 0.042800 -0.161967 0.191396 0.968057 0.000000 0.000000 0.000000 0.000000 1.000000
0.987304 0.047250 0.151654 0.000000 -0.016572 0.980164 -0.197494 0.042800 -0.157978 0.192473 0.968502 0.000000 0.000000 0.000000 0.000000 1.000000
0.988109 0.046643 0.146506 0.000000 -0.016915 0.980068 -0.197943 0.042800 -0.152819 0.193111 0.969203 -0.000000 0.000000 0.000000 0.000000 1.000000
0.989096 0.044726 0.140314 0.000000 -0.016535 0.980469 -0.195975 0.042800 -0.146339 0.191518 0.970518 0.000000 0.000000 0.000000 0.000000 1.000000
0.990369 0.039371 0.132735 0.000000 -0.013276 0.981303 -0.192010 0.042800 -0.137813 0.188399 0.972375 0.000000 0.000000 0.000000 0.000000 1.000000
0.991825 0.032783 0.123324 0.000000 -0.009029 0.982043 -0.188439 0.042800 -0.127287 0.185785 0.974311 0.000000 0.000000 0.000000 0.000000 1.000000
0.993318 0.028600 0.111813 0.000000 -0.007315 0.982464 -0.186307 0.042800 -0.115181 0.184244 0.976108 -0.000000 0.000000 0.000000 0.000000 1.000000
0.994787 0.025092 0.098839 0.000000 -0.006566 0.983003 -0.183471 0.042800 -0.101763 0.181865 0.978044 -0.000000 0.000000 0.000000 0.000000 1.000000
0.996152 0.019380 0.085470 -0.000000 -0.003815 0.983908 -0.178636 0.042800 -0.087557 0.177623 0.980196 0.000000 0.000000 0.000000 0.000000 1.000000
0.997325 0.011621 0.072160 0.000000 0.001020 0.984972 -0.172713 0.042800 -0.073083 0.172324 0.982325 0.000000 0.000000 0.000000 0.000000 1.000000
0.998242 0.003795 0.059153 0.000000 0.006106 0.986055 -0.166307 0.042800 -0.058960 0.166375 0.984298 -0.000000 0.000000 0.000000 0.000000 1.000000
0.998897 -0.003390 0.046825 0.000000 0.010853 0.987046 -0.160070 0.042800 -0.045676 0.160402 0.985994 0.000000 0.000000 0.000000 0.000000 1.000000
0.999325 -0.009531 0.035483 0.000000 0.014946 0.987703 -0.155628 0.042800 -0.033563 0.156054 0.987178 0.000000 0.000000 0.000000 0.000000 1.000000
0.999582 -0.013921 0.025336 0.000000 0.017648 0.988007 -0.153399 0.042800 -0.022897 0.153782 0.987840 0.000000 0.000000 0.000000 0.000000 1.000000
0.999724 -0.016624 0.016593 -0.000000 0.018959 0.988153 -0.152296 0.042800 -0.013864 0.152568 0.988196 0.000000 0.000000 0.000000 0.000000 1.000000
0.999808 -0.017092 0.009554 0.000000 0.018348 0.988162 -0.152314 0.042800 -0.006837 0.152460 0.988286 -0.000000 0.000000 0.000000 0.000000 1.000000
0.999878 -0.014931 0.004521 0.000000 0.015448 0.988008 -0.153631 0.042800 -0.002173 0.153682 0.988118 0.000000 0.000000 0.000000 0.000000 1.000000
0.999934 -0.011464 0.000574 0.000000 0.011416 0.987963 -0.154267 0.042800 0.001201 0.154264 0.988029 -0.000000 0.000000 0.000000 0.000000 1.000000
0.999968 -0.007936 -0.001378 -0.000000 0.007634 0.988335 -0.152101 0.042800 0.002569 0.152086 0.988364 0.000000 0.000000 0.000000 0.000000 1.000000</float_array><technique_common><accessor source="#mixamorig_Neck-Matrix-animation-output-transform-array" count="29" stride="16"><param type="float4x4"/></accessor></technique_common></source><source id="mixamorig_Neck-Interpolations"><Name_array id="mixamorig_Neck-Interpolations-array" count="29">
 LINEAR LINEAR LINEAR LINEAR LINEAR LINEAR LINEAR LINEAR LINEAR LINEAR LINEAR
LINEAR LINEAR LINEAR LINEAR LINEAR LINEAR LINEAR LINEAR LINEAR LINEAR LINEAR LINEAR
LINEAR LINEAR LINEAR LINEAR LINEAR LINEAR</Name_array><technique_common><accessor source="#mixamorig_Neck-Interpolations-array" count="29"><param type="name"/></accessor></technique_common></source><sampler id="mixamorig_Neck-Matrix-animation-transform"><input semantic="INPUT" source="#mixamorig_Neck-Matrix-animation-input"/><input semantic="OUTPUT" source="#mixamorig_Neck-Matrix-animation-output-transform"/><input semantic="INTERPOLATION" source="#mixamorig_Neck-Interpolations"/></sampler><channel source="#mixamorig_Neck-Matrix-animation-transform" target="mixamorig_Neck/matrix"/></animation>
    <animation id="mixamorig_Head-anim" name="mixamorig_Head"><source id="mixamorig_Head-Matrix-animation-input"><float_array id="mixamorig_Head-Matrix-animation-input-array" count="29">

0.000000 0.033333 0.066667 0.100000 0.133333 0.166667 0.200000 0.233333 0.266667 0.300000 0.333333 0.366667 0.400000 0.433333 0.466667 0.500000
0.533333 0.566667 0.600000 0.633333 0.666667 0.700000 0.733333 0.766667 0.800000 0.833333 0.866667 0.900000 0.933333</float_array><technique_common><accessor source="#mixamorig_Head-Matrix-animation-input-array" count="29"><param name="TIME" type="float"/></accessor></technique_common></source><source id="mixamorig_Head-Matrix-animation-output-transform"><float_array id="mixamorig_Head-Matrix-animation-output-transform-array" count="464">

0.999711 0.001406 0.024009 0.000000 -0.004554 0.991295 0.131584 0.010600 -0.023615 -0.131656 0.991014 0.008600 0.000000 0.000000 0.000000 1.000000
0.998101 0.010682 0.060663 0.000000 -0.018953 0.990326 0.137461 0.010600 -0.058608 -0.138350 0.988648 0.008600 0.000000 0.000000 0.000000 1.000000
0.992665 0.025130 0.118258 0.000000 -0.040959 0.990218 0.133384 0.010600 -0.113749 -0.137249 0.983984 0.008600 0.000000 0.000000 0.000000 1.000000
0.981432 0.042325 0.187082 0.000000 -0.065575 0.990620 0.119887 0.010600 -0.180253 -0.129928 0.975001 0.008600 0.000000 0.000000 0.000000 1.000000
0.964111 0.058909 0.258883 -0.000000 -0.086109 0.991746 0.095005 0.010600 -0.251150 -0.113887 0.961225 0.008600 0.000000 0.000000 0.000000 1.000000
0.942361 0.074683 0.326157 0.000000 -0.100118 0.993049 0.061883 0.010600 -0.319268 -0.090970 0.943288 0.008600 0.000000 0.000000 0.000000 1.000000
0.920477 0.089200 0.380480 -0.000000 -0.108870 0.993590 0.030446 0.010600 -0.375325 -0.069448 0.924288 0.008600 0.000000 0.000000 0.000000 1.000000
0.903933 0.101453 0.415467 0.000000 -0.115758 0.993234 0.009316 0.010600 -0.411710 -0.056515 0.909561 0.008600 0.000000 0.000000 0.000000 1.000000
0.890733 0.113718 0.440072 -0.000000 -0.123983 0.992269 -0.005461 0.010600 -0.437291 -0.049698 0.897946 0.008600 0.000000 0.000000 0.000000 1.000000
0.882658 0.124627 0.453192 0.000000 -0.132525 0.991075 -0.014432 0.010600 -0.450946 -0.047320 0.891296 0.008600 0.000000 0.000000 0.000000 1.000000
0.880006 0.132698 0.456050 -0.000000 -0.139486 0.990043 -0.018919 0.010600 -0.454020 -0.046964 0.889753 0.008600 0.000000 0.000000 0.000000 1.000000
0.880030 0.138372 0.454314 -0.000000 -0.144335 0.989290 -0.021726 0.010600 -0.452455 -0.046454 0.890577 0.008600 0.000000 0.000000 0.000000 1.000000
0.880781 0.141879 0.451768 0.000000 -0.147206 0.988826 -0.023546 0.010600 -0.450060 -0.045764 0.891825 0.008600 0.000000 0.000000 0.000000 1.000000
0.882091 0.143717 0.448621 -0.000000 -0.148837 0.988569 -0.024044 0.010600 -0.446948 -0.045562 0.893399 0.008600 0.000000 0.000000 0.000000 1.000000
0.883675 0.145408 0.444944 0.000000 -0.151230 0.988240 -0.022609 0.010600 -0.442999 -0.047310 0.895273 0.008600 0.000000 0.000000 0.000000 1.000000
0.886818 0.148595 0.437577 0.000000 -0.156785 0.987476 -0.017582 0.010600 -0.434709 -0.053013 0.899009 0.008600 0.000000 0.000000 0.000000 1.000000
0.894466 0.151827 0.420570 -0.000000 -0.163370 0.986527 -0.008684 0.010600 -0.416222 -0.060941 0.907219 0.008600 0.000000 0.000000 0.000000 1.000000
0.907312 0.148255 0.393454 0.000000 -0.162427 0.986717 0.002760 0.010600 -0.387818 -0.066412 0.919340 0.008600 0.000000 0.000000 0.000000 1.000000
0.922897 0.134572 0.360765 0.000000 -0.149839 0.988603 0.014548 0.010600 -0.354696 -0.067483 0.932543 0.008600 0.000000 0.000000 0.000000 1.000000
0.938191 0.116265 0.326007 -0.000000 -0.132061 0.990883 0.026666 0.010600 -0.319934 -0.068071 0.944991 0.008600 0.000000 0.000000 0.000000 1.000000
0.952021 0.097412 0.290115 0.000000 -0.114777 0.992442 0.043411 0.010600 -0.283693 -0.074627 0.956007 0.008600 0.000000 0.000000 0.000000 1.000000
0.964211 0.078157 0.253355 0.000000 -0.097413 0.993161 0.064352 0.010600 -0.246592 -0.086729 0.965231 0.008600 0.000000 0.000000 0.000000 1.000000
0.974468 0.060240 0.216293 0.000000 -0.079915 0.993307 0.083396 0.010600 -0.209822 -0.098552 0.972760 0.008600 0.000000 0.000000 0.000000 1.000000
0.982833 0.044972 0.178935 0.000000 -0.063177 0.993240 0.097384 0.010600 -0.173346 -0.107016 0.979029 0.008600 0.000000 0.000000 0.000000 1.000000
0.989360 0.032359 0.141842 0.000000 -0.047840 0.993093 0.107129 0.010600 -0.137396 -0.112775 0.984075 0.008600 0.000000 0.000000 0.000000 1.000000
0.994097 0.023371 0.105948 0.000000 -0.035460 0.992883 0.113695 0.010600 -0.102537 -0.116781 0.987850 0.008600 0.000000 0.000000 0.000000 1.000000
0.997228 0.016969 0.072447 0.000000 -0.025489 0.992644 0.118356 0.010600 -0.069905 -0.119875 0.990325 0.008600 0.000000 0.000000 0.000000 1.000000
0.999050 0.009540 0.042522 -0.000000 -0.014779 0.992088 0.124672 0.010600 -0.040996 -0.125182 0.991286 0.008600 0.000000 0.000000 0.000000 1.000000
0.999711 0.001406 0.024009 0.000000 -0.004554 0.991295 0.131584 0.010600 -0.023615 -0.131656 0.991014 0.008600 0.000000 0.000000 0.000000 1.000000</float_array><technique_common><accessor source="#mixamorig_Head-Matrix-animation-output-transform-array" count="29" stride="16"><param type="float4x4"/></accessor></technique_common></source><source id="mixamorig_Head-Interpolations"><Name_array id="mixamorig_Head-Interpolations-array" count="29">
 LINEAR LINEAR LINEAR LINEAR LINEAR LINEAR LINEAR LINEAR LINEAR LINEAR LINEAR
LINEAR LINEAR LINEAR LINEAR LINEAR LINEAR LINEAR LINEAR LINEAR LINEAR LINEAR LINEAR
LINEAR LINEAR LINEAR LINEAR LINEAR LINEAR</Name_array><technique_common><accessor source="#mixamorig_Head-Interpolations-array" count="29"><param type="name"/></accessor></technique_common></source><sampler id="mixamorig_Head-Matrix-animation-transform"><input semantic="INPUT" source="#mixamorig_Head-Matrix-animation-input"/><input semantic="OUTPUT" source="#mixamorig_Head-Matrix-animation-output-transform"/><input semantic="INTERPOLATION" source="#mixamorig_Head-Interpolations"/></sampler><channel source="#mixamorig_Head-Matrix-animation-transform" target="mixamorig_Head/matrix"/></animation>
    <animation id="mixamorig_LeftShoulder-anim" name="mixamorig_LeftShoulder"><source id="mixamorig_LeftShoulder-Matrix-animation-input"><float_array id="mixamorig_LeftShoulder-Matrix-animation-input-array" count="29">

0.000000 0.033333 0.066667 0.100000 0.133333 0.166667 0.200000 0.233333 0.266667 0.300000 0.333333 0.366667 0.400000 0.433333 0.466667 0.500000
0.533333 0.566667 0.600000 0.633333 0.666667 0.700000 0.733333 0.766667 0.800000 0.833333 0.866667 0.900000 0.933333</float_array><technique_common><accessor source="#mixamorig_LeftShoulder-Matrix-animation-input-array" count="29"><param name="TIME" type="float"/></accessor></technique_common></source><source id="mixamorig_LeftShoulder-Matrix-animation-output-transform"><float_array id="mixamorig_LeftShoulder-Matrix-animation-output-transform-array" count="464">

0.274924 0.839288 -0.469056 0.014000 0.018303 -0.492335 -0.870213 0.037300 -0.961292 0.230657 -0.150716 -0.000300 0.000000 0.000000 0.000000 1.000000
0.276190 0.837848 -0.470882 0.014000 0.017807 -0.494316 -0.869100 0.037300 -0.960938 0.231651 -0.151445 -0.000300 0.000000 0.000000 0.000000 1.000000
0.278190 0.836002 -0.472981 0.014000 0.017208 -0.496678 -0.867765 0.037300 -0.960372 0.233264 -0.152556 -0.000300 0.000000 0.000000 0.000000 1.000000
0.279464 0.834697 -0.474532 0.014000 0.016772 -0.498393 -0.866789 0.037300 -0.960010 0.234277 -0.153283 -0.000300 0.000000 0.000000 0.000000 1.000000
0.278209 0.835357 -0.474108 0.014000 0.016942 -0.497786 -0.867134 0.037300 -0.960371 0.233212 -0.152642 -0.000300 0.000000 0.000000 0.000000 1.000000
0.275595 0.837599 -0.471673 0.014000 0.017660 -0.495004 -0.868711 0.037300 -0.961112 0.231083 -0.151213 -0.000300 0.000000 0.000000 0.000000 1.000000
0.273119 0.839986 -0.468860 0.014000 0.018449 -0.491875 -0.870470 0.037300 -0.961803 0.229092 -0.149838 -0.000300 0.000000 0.000000 0.000000 1.000000
0.270539 0.841908 -0.466905 0.014000 0.019028 -0.489572 -0.871755 0.037300 -0.962521 0.226960 -0.148468 -0.000300 0.000000 0.000000 0.000000 1.000000
0.267750 0.843805 -0.465083 0.014000 0.019574 -0.487372 -0.872975 0.037300 -0.963290 0.224636 -0.147010 -0.000300 0.000000 0.000000 0.000000 1.000000
0.266517 0.845084 -0.463468 0.014000 0.020000 -0.485606 -0.873949 0.037300 -0.963623 0.223653 -0.146324 -0.000300 0.000000 0.000000 0.000000 1.000000
0.266133 0.845785 -0.462408 0.014000 0.020261 -0.484510 -0.874551 0.037300 -0.963723 0.223378 -0.146080 -0.000300 0.000000 0.000000 0.000000 1.000000
0.264930 0.846355 -0.462056 0.014000 0.020388 -0.483987 -0.874837 0.037300 -0.964052 0.222350 -0.145478 -0.000300 0.000000 0.000000 0.000000 1.000000
