<?xml version="1.0" encoding="utf-8"?>
<COLLADA xmlns="http://www.collada.org/2005/11/COLLADASchema" version="1.4.1">
  <asset><contributor><author>Mixamo</author><authoring_tool>COLLADA Mixamo exporter</authoring_tool><comments></comments></contributor><created>2014-08-29T16:11:01Z</created><modified>2014-08-29T16:11:01Z</modified><revision></revision><title></title><unit meter="0.025400"/><up_axis>Y_UP</up_axis></asset>
  <library_animations>
    <animation id="mixamorig_Hips-anim" name="mixamorig_Hips"><source id="mixamorig_Hips-Matrix-animation-input"><float_array id="mixamorig_Hips-Matrix-animation-input-array" count="251">

0.000000 0.033333 0.066667 0.100000 0.133333 0.166667 0.200000 0.233333 0.266667 0.300000 0.333333 0.366667 0.400000 0.433333 0.466667 0.500000
0.533333 0.566667 0.600000 0.633333 0.666667 0.700000 0.733333 0.766667 0.800000 0.833333 0.866667 0.900000 0.933333 0.966667 1.000000 1.033333
1.066667 1.100000 1.133333 1.166667 1.200000 1.233333 1.266667 1.300000 1.333333 1.366667 1.400000 1.433333 1.466667 1.500000 1.533333 1.566667
1.600000 1.633333 1.666667 1.700000 1.733333 1.766667 1.800000 1.833333 1.866667 1.900000 1.933333 1.966667 2.000000 2.033333 2.066667 2.100000
2.133333 2.166667 2.200000 2.233333 2.266667 2.300000 2.333333 2.366667 2.400000 2.433333 2.466667 2.500000 2.533333 2.566667 2.600000 2.633333
2.666667 2.700000 2.733333 2.766667 2.800000 2.833333 2.866667 2.900000 2.933333 2.966667 3.000000 3.033333 3.066667 3.100000 3.133333 3.166667
3.200000 3.233333 3.266667 3.300000 3.333333 3.366667 3.400000 3.433333 3.466667 3.500000 3.533333 3.566667 3.600000 3.633333 3.666667 3.700000
3.733333 3.766667 3.800000 3.833333 3.866667 3.900000 3.933333 3.966667 4.000000 4.033333 4.066667 4.100000 4.133333 4.166667 4.200000 4.233333
4.266667 4.300000 4.333333 4.366667 4.400000 4.433333 4.466667 4.500000 4.533333 4.566667 4.600000 4.633333 4.666667 4.700000 4.733333 4.766667
4.800000 4.833333 4.866667 4.900000 4.933333 4.966667 5.000000 5.033333 5.066667 5.100000 5.133333 5.166667 5.200000 5.233333 5.266667 5.300000
5.333333 5.366667 5.400000 5.433333 5.466667 5.500000 5.533333 5.566667 5.600000 5.633333 5.666667 5.700000 5.733333 5.766667 5.800000 5.833333
5.866667 5.900000 5.933333 5.966667 6.000000 6.033333 6.066667 6.100000 6.133333 6.166667 6.200000 6.233333 6.266667 6.300000 6.333333 6.366667
6.400000 6.433333 6.466667 6.500000 6.533333 6.566667 6.600000 6.633333 6.666667 6.700000 6.733333 6.766667 6.800000 6.833333 6.866667 6.900000
6.933333 6.966667 7.000000 7.033333 7.066667 7.100000 7.133333 7.166667 7.200000 7.233333 7.266667 7.300000 7.333333 7.366667 7.400000 7.433333
7.466667 7.500000 7.533333 7.566667 7.600000 7.633333 7.666667 7.700000 7.733333 7.766667 7.800000 7.833333 7.866667 7.900000 7.933333 7.966667
8.000000 8.033333 8.066667 8.100000 8.133333 8.166667 8.200000 8.233333 8.266667 8.300000 8.333333</float_array><technique_common><accessor source="#mixamorig_Hips-Matrix-animation-input-array" count="251"><param name="TIME" type="float"/></accessor></technique_common></source><source id="mixamorig_Hips-Matrix-animation-output-transform"><float_array id="mixamorig_Hips-Matrix-animation-output-transform-array" count="4016">

0.993928 0.061758 -0.091071 0.000650 -0.055928 0.996301 0.065240 0.368291 0.094763 -0.059751 0.993705 -0.000919 0.000000 0.000000 0.000000 1.000000
0.993929 0.061761 -0.091051 0.000653 -0.055961 0.996319 0.064931 0.368294 0.094726 -0.059442 0.993727 -0.000915 0.000000 0.000000 0.000000 1.000000
0.993915 0.061758 -0.091204 0.000658 -0.055971 0.996334 0.064704 0.368301 0.094866 -0.059206 0.993728 -0.000897 0.000000 0.000000 0.000000 1.000000
0.993897 0.061736 -0.091424 0.000665 -0.055952 0.996346 0.064531 0.368308 0.095074 -0.059022 0.993719 -0.000870 0.000000 0.000000 0.000000 1.000000
0.993864 0.061745 -0.091774 0.000672 -0.055949 0.996352 0.064441 0.368318 0.095418 -0.058911 0.993693 -0.000837 0.000000 0.000000 0.000000 1.000000
0.993808 0.061788 -0.092349 0.000677 -0.055962 0.996354 0.064400 0.368330 0.095992 -0.058833 0.993642 -0.000802 0.000000 0.000000 0.000000 1.000000
0.993736 0.061832 -0.093093 0.000683 -0.055969 0.996359 0.064320 0.368341 0.096731 -0.058707 0.993578 -0.000769 0.000000 0.000000 0.000000 1.000000
0.993662 0.061874 -0.093851 0.000689 -0.055978 0.996365 0.064205 0.368345 0.097482 -0.058544 0.993514 -0.000737 0.000000 0.000000 0.000000 1.000000
0.993589 0.061940 -0.094574 0.000694 -0.056007 0.996367 0.064149 0.368345 0.098204 -0.058441 0.993449 -0.000706 0.000000 0.000000 0.000000 1.000000
0.993513 0.062046 -0.095303 0.000698 -0.056070 0.996364 0.064149 0.368348 0.098937 -0.058389 0.993379 -0.000673 0.000000 0.000000 0.000000 1.000000
0.993434 0.062180 -0.096031 0.000705 -0.056170 0.996363 0.064069 0.368361 0.099666 -0.058254 0.993314 -0.000638 0.000000 0.000000 0.000000 1.000000
0.993359 0.062297 -0.096736 0.000714 -0.056270 0.996373 0.063830 0.368377 0.100362 -0.057963 0.993261 -0.000606 0.000000 0.000000 0.000000 1.000000
0.993288 0.062365 -0.097412 0.000721 -0.056330 0.996390 0.063518 0.368383 0.101021 -0.057604 0.993215 -0.000577 0.000000 0.000000 0.000000 1.000000
0.993225 0.062428 -0.098012 0.000724 -0.056386 0.996404 0.063244 0.368381 0.101608 -0.057289 0.993174 -0.000549 0.000000 0.000000 0.000000 1.000000
0.993168 0.062539 -0.098524 0.000721 -0.056488 0.996410 0.063053 0.368377 0.102113 -0.057057 0.993135 -0.000522 0.000000 0.000000 0.000000 1.000000
0.993109 0.062718 -0.098998 0.000708 -0.056655 0.996410 0.062914 0.368375 0.102589 -0.056871 0.993097 -0.000497 0.000000 0.000000 0.000000 1.000000
0.993055 0.062924 -0.099405 0.000683 -0.056858 0.996410 0.062727 0.368372 0.102995 -0.056640 0.993068 -0.000476 0.000000 0.000000 0.000000 1.000000
0.993021 0.063095 -0.099640 0.000652 -0.057049 0.996419 0.062405 0.368366 0.103221 -0.056285 0.993065 -0.000457 0.000000 0.000000 0.000000 1.000000
0.993005 0.063208 -0.099726 0.000621 -0.057201 0.996436 0.061988 0.368359 0.103289 -0.055850 0.993082 -0.000435 0.000000 0.000000 0.000000 1.000000
0.992991 0.063314 -0.099801 0.000591 -0.057342 0.996452 0.061611 0.368358 0.103348 -0.055457 0.993098 -0.000407 0.000000 0.000000 0.000000 1.000000
0.992973 0.063440 -0.099897 0.000558 -0.057493 0.996460 0.061334 0.368362 0.103435 -0.055159 0.993106 -0.000376 0.000000 0.000000 0.000000 1.000000
0.992966 0.063542 -0.099901 0.000521 -0.057624 0.996470 0.061049 0.368366 0.103428 -0.054863 0.993123 -0.000343 0.000000 0.000000 0.000000 1.000000
0.992976 0.063568 -0.099785 0.000481 -0.057702 0.996492 0.060610 0.368367 0.103288 -0.054426 0.993161 -0.000305 0.000000 0.000000 0.000000 1.000000
0.992984 0.063546 -0.099726 0.000441 -0.057741 0.996524 0.060054 0.368367 0.103196 -0.053874 0.993201 -0.000258 0.000000 0.000000 0.000000 1.000000
0.992971 0.063538 -0.099855 0.000406 -0.057776 0.996550 0.059574 0.368374 0.103296 -0.053387 0.993217 -0.000198 0.000000 0.000000 0.000000 1.000000
0.992954 0.063488 -0.100058 0.000374 -0.057748 0.996571 0.059263 0.368387 0.103478 -0.053067 0.993215 -0.000125 0.000000 0.000000 0.000000 1.000000
0.992952 0.063334 -0.100173 0.000346 -0.057606 0.996590 0.059076 0.368400 0.103572 -0.052889 0.993215 -0.000044 0.000000 0.000000 0.000000 1.000000
0.992970 0.063077 -0.100163 0.000320 -0.057357 0.996609 0.058998 0.368403 0.103545 -0.052838 0.993220 0.000035 0.000000 0.000000 0.000000 1.000000
0.993000 0.062793 -0.100037 0.000292 -0.057071 0.996621 0.059065 0.368397 0.103408 -0.052943 0.993229 0.000110 0.000000 0.000000 0.000000 1.000000
0.993040 0.062527 -0.099812 0.000258 -0.056796 0.996625 0.059262 0.368392 0.103181 -0.053180 0.993240 0.000187 0.000000 0.000000 0.000000 1.000000
0.993076 0.062288 -0.099605 0.000216 -0.056537 0.996623 0.059556 0.368395 0.102978 -0.053512 0.993243 0.000277 0.000000 0.000000 0.000000 1.000000
0.993093 0.062089 -0.099555 0.000164 -0.056298 0.996612 0.059963 0.368402 0.102940 -0.053944 0.993224 0.000379 0.000000 0.000000 0.000000 1.000000
0.993099 0.061931 -0.099596 0.000110 -0.056086 0.996594 0.060454 0.368405 0.103001 -0.054451 0.993190 0.000482 0.000000 0.000000 0.000000 1.000000
0.993112 0.061788 -0.099550 0.000058 -0.055894 0.996575 0.060948 0.368405 0.102975 -0.054964 0.993164 0.000577 0.000000 0.000000 0.000000 1.000000
0.993138 0.061642 -0.099385 0.000011 -0.055708 0.996556 0.061419 0.368404 0.102828 -0.055461 0.993152 0.000659 0.000000 0.000000 0.000000 1.000000
0.993176 0.061463 -0.099118 -0.000035 -0.055492 0.996538 0.061913 0.368401 0.102580 -0.055991 0.993148 0.000727 0.000000 0.000000 0.000000 1.000000
0.993233 0.061230 -0.098682 -0.000079 -0.055226 0.996518 0.062464 0.368396 0.102163 -0.056591 0.993157 0.000783 0.000000 0.000000 0.000000 1.000000
0.993319 0.060926 -0.098010 -0.000121 -0.054902 0.996501 0.063023 0.368391 0.101507 -0.057221 0.993188 0.000831 0.000000 0.000000 0.000000 1.000000
0.993429 0.060528 -0.097138 -0.000159 -0.054503 0.996491 0.063521 0.368388 0.100642 -0.057809 0.993242 0.000870 0.000000 0.000000 0.000000 1.000000
0.993555 0.060045 -0.096143 -0.000193 -0.054036 0.996490 0.063934 0.368388 0.099645 -0.058327 0.993312 0.000898 0.000000 0.000000 0.000000 1.000000
0.993692 0.059548 -0.095024 -0.000223 -0.053570 0.996494 0.064266 0.368383 0.098518 -0.058770 0.993398 0.000909 0.000000 0.000000 0.000000 1.000000
0.993841 0.059112 -0.093731 -0.000259 -0.053185 0.996498 0.064524 0.368370 0.097217 -0.059142 0.993504 0.000907 0.000000 0.000000 0.000000 1.000000
0.993996 0.058735 -0.092316 -0.000302 -0.052870 0.996500 0.064743 0.368350 0.095796 -0.059473 0.993623 0.000899 0.000000 0.000000 0.000000 1.000000
0.994146 0.058368 -0.090920 -0.000350 -0.052563 0.996501 0.064987 0.368329 0.094395 -0.059828 0.993736 0.000886 0.000000 0.000000 0.000000 1.000000
0.994282 0.058004 -0.089656 -0.000400 -0.052247 0.996499 0.065273 0.368313 0.093128 -0.060215 0.993832 0.000870 0.000000 0.000000 0.000000 1.000000
0.994400 0.057668 -0.088562 -0.000457 -0.051954 0.996497 0.065528 0.368299 0.092031 -0.060560 0.993913 0.000853 0.000000 0.000000 0.000000 1.000000
0.994500 0.057364 -0.087634 -0.000521 -0.051688 0.996498 0.065720 0.368285 0.091097 -0.060829 0.993983 0.000840 0.000000 0.000000 0.000000 1.000000
0.994582 0.057084 -0.086881 -0.000589 -0.051437 0.996499 0.065902 0.368274 0.090338 -0.061076 0.994037 0.000834 0.000000 0.000000 0.000000 1.000000
0.994645 0.056840 -0.086315 -0.000664 -0.051210 0.996498 0.066102 0.368269 0.089770 -0.061328 0.994073 0.000834 0.000000 0.000000 0.000000 1.000000
0.994693 0.056639 -0.085895 -0.000744 -0.051019 0.996496 0.066272 0.368266 0.089347 -0.061538 0.994098 0.000834 0.000000 0.000000 0.000000 1.000000
0.994731 0.056475 -0.085557 -0.000825 -0.050871 0.996500 0.066330 0.368262 0.089004 -0.061628 0.994123 0.000834 0.000000 0.000000 0.000000 1.000000
0.994759 0.056324 -0.085331 -0.000897 -0.050739 0.996511 0.066271 0.368258 0.088766 -0.061594 0.994146 0.000838 0.000000 0.000000 0.000000 1.000000
0.994769 0.056163 -0.085321 -0.000961 -0.050585 0.996524 0.066193 0.368256 0.088742 -0.061530 0.994152 0.000850 0.000000 0.000000 0.000000 1.000000
0.994757 0.056003 -0.085570 -0.001019 -0.050410 0.996534 0.066179 0.368257 0.088979 -0.061518 0.994132 0.000873 0.000000 0.000000 0.000000 1.000000
0.994731 0.055847 -0.085974 -0.001069 -0.050224 0.996539 0.066235 0.368262 0.089375 -0.061568 0.994093 0.000905 0.000000 0.000000 0.000000 1.000000
0.994705 0.055687 -0.086382 -0.001108 -0.050029 0.996542 0.066335 0.368269 0.089777 -0.061662 0.994051 0.000942 0.000000 0.000000 0.000000 1.000000
0.994683 0.055519 -0.086741 -0.001141 -0.049828 0.996544 0.066456 0.368274 0.090131 -0.061781 0.994012 0.000979 0.000000 0.000000 0.000000 1.000000
0.994661 0.055355 -0.087097 -0.001169 -0.049627 0.996544 0.066612 0.368278 0.090483 -0.061934 0.993970 0.001016 0.000000 0.000000 0.000000 1.000000
0.994634 0.055220 -0.087490 -0.001191 -0.049448 0.996539 0.066819 0.368280 0.090877 -0.062134 0.993922 0.001055 0.000000 0.000000 0.000000 1.000000
0.994599 0.055124 -0.087944 -0.001207 -0.049302 0.996530 0.067058 0.368279 0.091335 -0.062360 0.993866 0.001095 0.000000 0.000000 0.000000 1.000000
0.994556 0.055060 -0.088464 -0.001220 -0.049181 0.996519 0.067312 0.368278 0.091862 -0.062595 0.993802 0.001132 0.000000 0.000000 0.000000 1.000000
0.994513 0.055016 -0.088976 -0.001233 -0.049080 0.996506 0.067581 0.368274 0.092383 -0.062843 0.993738 0.001167 0.000000 0.000000 0.000000 1.000000
0.994477 0.055016 -0.089376 -0.001247 -0.049029 0.996490 0.067858 0.368268 0.092795 -0.063101 0.993684 0.001202 0.000000 0.000000 0.000000 1.000000
0.994446 0.055071 -0.089692 -0.001259 -0.049036 0.996469 0.068150 0.368264 0.093128 -0.063373 0.993635 0.001237 0.000000 0.000000 0.000000 1.000000
0.994410 0.055150 -0.090040 -0.001264 -0.049062 0.996446 0.068475 0.368262 0.093496 -0.063675 0.993581 0.001267 0.000000 0.000000 0.000000 1.000000
0.994375 0.055241 -0.090371 -0.001260 -0.049097 0.996418 0.068852 0.368262 0.093851 -0.064028 0.993525 0.001293 0.000000 0.000000 0.000000 1.000000
0.994356 0.055369 -0.090504 -0.001253 -0.049175 0.996384 0.069292 0.368263 0.094014 -0.064450 0.993483 0.001320 0.000000 0.000000 0.000000 1.000000
0.994356 0.055535 -0.090394 -0.001248 -0.049303 0.996344 0.069774 0.368261 0.093939 -0.064924 0.993459 0.001352 0.000000 0.000000 0.000000 1.000000
0.994367 0.055704 -0.090175 -0.001241 -0.049440 0.996303 0.070261 0.368254 0.093756 -0.065407 0.993444 0.001379 0.000000 0.000000 0.000000 1.000000
0.994380 0.055850 -0.089944 -0.001233 -0.049558 0.996264 0.070727 0.368245 0.093558 -0.065872 0.993432 0.001397 0.000000 0.000000 0.000000 1.000000
0.994401 0.055974 -0.089631 -0.001227 -0.049660 0.996226 0.071189 0.368236 0.093278 -0.066339 0.993428 0.001411 0.000000 0.000000 0.000000 1.000000
0.994442 0.056086 -0.089103 -0.001229 -0.049761 0.996185 0.071685 0.368223 0.092784 -0.066853 0.993439 0.001429 0.000000 0.000000 0.000000 1.000000
0.994503 0.056179 -0.088356 -0.001239 -0.049852 0.996140 0.072251 0.368206 0.092074 -0.067449 0.993465 0.001451 0.000000 0.000000 0.000000 1.000000
0.994574 0.056233 -0.087522 -0.001249 -0.049905 0.996091 0.072891 0.368185 0.091279 -0.068128 0.993492 0.001472 0.000000 0.000000 0.000000 1.000000
0.994648 0.056251 -0.086670 -0.001261 -0.049920 0.996040 0.073562 0.368162 0.090465 -0.068842 0.993517 0.001486 0.000000 0.000000 0.000000 1.000000
0.994726 0.056248 -0.085764 -0.001283 -0.049922 0.995994 0.074193 0.368138 0.089594 -0.069520 0.993549 0.001497 0.000000 0.000000 0.000000 1.000000
0.994811 0.056228 -0.084789 -0.001319 -0.049921 0.995952 0.074750 0.368114 0.088649 -0.070129 0.993591 0.001510 0.000000 0.000000 0.000000 1.000000
0.994903 0.056173 -0.083742 -0.001369 -0.049899 0.995918 0.075219 0.368091 0.087626 -0.070657 0.993644 0.001528 0.000000 0.000000 0.000000 1.000000
0.995002 0.056072 -0.082621 -0.001434 -0.049848 0.995894 0.075562 0.368073 0.086519 -0.071066 0.993712 0.001555 0.000000 0.000000 0.000000 1.000000
0.995101 0.055945 -0.081517 -0.001504 -0.049783 0.995883 0.075751 0.368067 0.085419 -0.071322 0.993789 0.001591 0.000000 0.000000 0.000000 1.000000
0.995183 0.055838 -0.080584 -0.001575 -0.049736 0.995879 0.075838 0.368069 0.084486 -0.071464 0.993859 0.001633 0.000000 0.000000 0.000000 1.000000
0.995239 0.055757 -0.079935 -0.001644 -0.049694 0.995874 0.075928 0.368070 0.083839 -0.071594 0.993904 0.001681 0.000000 0.000000 0.000000 1.000000
0.995276 0.055643 -0.079562 -0.001711 -0.049594 0.995867 0.076093 0.368069 0.083467 -0.071788 0.993921 0.001737 0.000000 0.000000 0.000000 1.000000
0.995303 0.055461 -0.079353 -0.001778 -0.049407 0.995858 0.076324 0.368068 0.083258 -0.072044 0.993920 0.001800 0.000000 0.000000 0.000000 1.000000
0.995328 0.055242 -0.079182 -0.001852 -0.049179 0.995850 0.076579 0.368065 0.083084 -0.072327 0.993914 0.001867 0.000000 0.000000 0.000000 1.000000
0.995356 0.055059 -0.078962 -0.001940 -0.048992 0.995840 0.076822 0.368063 0.082863 -0.072596 0.993913 0.001939 0.000000 0.000000 0.000000 1.000000
0.995385 0.054919 -0.078697 -0.002036 -0.048854 0.995831 0.077025 0.368060 0.082599 -0.072825 0.993918 0.002014 0.000000 0.000000 0.000000 1.000000
0.995409 0.054763 -0.078495 -0.002125 -0.048699 0.995826 0.077197 0.368059 0.082395 -0.073020 0.993921 0.002088 0.000000 0.000000 0.000000 1.000000
0.995423 0.054563 -0.078456 -0.002198 -0.048487 0.995823 0.077363 0.368060 0.082349 -0.073205 0.993911 0.002163 0.000000 0.000000 0.000000 1.000000
0.995425 0.054352 -0.078583 -0.002262 -0.048254 0.995823 0.077518 0.368069 0.082468 -0.073372 0.993889 0.002241 0.000000 0.000000 0.000000 1.000000
0.995417 0.054161 -0.078819 -0.002321 -0.048035 0.995824 0.077640 0.368081 0.082695 -0.073498 0.993861 0.002320 0.000000 0.000000 0.000000 1.000000
0.995402 0.053968 -0.079139 -0.002371 -0.047807 0.995824 0.077779 0.368089 0.083006 -0.073638 0.993825 0.002387 0.000000 0.000000 0.000000 1.000000
0.995383 0.053749 -0.079518 -0.002406 -0.047539 0.995817 0.078032 0.368090 0.083379 -0.073892 0.993775 0.002432 0.000000 0.000000 0.000000 1.000000
0.995367 0.053547 -0.079857 -0.002427 -0.047279 0.995799 0.078411 0.368090 0.083721 -0.074272 0.993718 0.002455 0.000000 0.000000 0.000000 1.000000
0.995356 0.053393 -0.080101 -0.002439 -0.047075 0.995779 0.078788 0.368098 0.083969 -0.074652 0.993668 0.002464 0.000000 0.000000 0.000000 1.000000
0.995347 0.053239 -0.080307 -0.002437 -0.046890 0.995773 0.078979 0.368115 0.084172 -0.074846 0.993636 0.002459 0.000000 0.000000 0.000000 1.000000
0.995340 0.053024 -0.080539 -0.002415 -0.046664 0.995790 0.078897 0.368135 0.084384 -0.074771 0.993624 0.002440 0.000000 0.000000 0.000000 1.000000
0.995334 0.052748 -0.080793 -0.002373 -0.046393 0.995825 0.078614 0.368148 0.084602 -0.074499 0.993626 0.002404 0.000000 0.000000 0.000000 1.000000
0.995330 0.052459 -0.081034 -0.002323 -0.046117 0.995867 0.078245 0.368155 0.084804 -0.074142 0.993635 0.002348 0.000000 0.000000 0.000000 1.000000
0.995328 0.052195 -0.081232 -0.002272 -0.045872 0.995909 0.077849 0.368160 0.084963 -0.073759 0.993650 0.002280 0.000000 0.000000 0.000000 1.000000
0.995327 0.051963 -0.081392 -0.002224 -0.045661 0.995950 0.077457 0.368168 0.085087 -0.073379 0.993668 0.002206 0.000000 0.000000 0.000000 1.000000
0.995323 0.051758 -0.081564 -0.002174 -0.045472 0.995984 0.077120 0.368178 0.085228 -0.073050 0.993680 0.002129 0.000000 0.000000 0.000000 1.000000
0.995316 0.051568 -0.081775 -0.002118 -0.045290 0.996013 0.076850 0.368188 0.085412 -0.072787 0.993683 0.002054 0.000000 0.000000 0.000000 1.000000
0.995306 0.051391 -0.082008 -0.002056 -0.045119 0.996041 0.076591 0.368201 0.085619 -0.072531 0.993684 0.001986 0.000000 0.000000 0.000000 1.000000
0.995293 0.051249 -0.082254 -0.001992 -0.044985 0.996071 0.076285 0.368218 0.085841 -0.072226 0.993687 0.001923 0.000000 0.000000 0.000000 1.000000
0.995273 0.051171 -0.082538 -0.001930 -0.044917 0.996101 0.075929 0.368233 0.086102 -0.071862 0.993691 0.001859 0.000000 0.000000 0.000000 1.000000
0.995247 0.051134 -0.082872 -0.001874 -0.044891 0.996133 0.075523 0.368245 0.086413 -0.071444 0.993694 0.001792 0.000000 0.000000 0.000000 1.000000
0.995220 0.051072 -0.083239 -0.001819 -0.044845 0.996172 0.075029 0.368257 0.086752 -0.070938 0.993701 0.001730 0.000000 0.000000 0.000000 1.000000
0.995193 0.050986 -0.083610 -0.001758 -0.044785 0.996220 0.074429 0.368276 0.087089 -0.070327 0.993715 0.001678 0.000000 0.000000 0.000000 1.000000
0.995165 0.050951 -0.083972 -0.001691 -0.044782 0.996269 0.073776 0.368299 0.087418 -0.069659 0.993733 0.001630 0.000000 0.000000 0.000000 1.000000
0.995134 0.050988 -0.084313 -0.001623 -0.044850 0.996312 0.073153 0.368320 0.087732 -0.069016 0.993750 0.001588 0.000000 0.000000 0.000000 1.000000
0.995104 0.051012 -0.084653 -0.001554 -0.044897 0.996348 0.072634 0.368344 0.088049 -0.068478 0.993760 0.001563 0.000000 0.000000 0.000000 1.000000
0.995073 0.050933 -0.085058 -0.001480 -0.044821 0.996377 0.072278 0.368374 0.088431 -0.068109 0.993751 0.001565 0.000000 0.000000 0.000000 1.000000
0.995039 0.050774 -0.085557 -0.001400 -0.044642 0.996397 0.072117 0.368404 0.088910 -0.067940 0.993720 0.001581 0.000000 0.000000 0.000000 1.000000
0.995001 0.050650 -0.086071 -0.001326 -0.044480 0.996402 0.072148 0.368425 0.089415 -0.067959 0.993673 0.001594 0.000000 0.000000 0.000000 1.000000
0.994969 0.050618 -0.086459 -0.001264 -0.044406 0.996392 0.072328 0.368437 0.089808 -0.068125 0.993626 0.001603 0.000000 0.000000 0.000000 1.000000
0.994950 0.050633 -0.086661 -0.001216 -0.044385 0.996375 0.072571 0.368447 0.090021 -0.068358 0.993591 0.001616 0.000000 0.000000 0.000000 1.000000
0.994943 0.050623 -0.086755 -0.001172 -0.044346 0.996359 0.072813 0.368456 0.090125 -0.068597 0.993565 0.001637 0.000000 0.000000 0.000000 1.000000
0.994935 0.050574 -0.086867 -0.001126 -0.044268 0.996345 0.073054 0.368466 0.090244 -0.068838 0.993538 0.001663 0.000000 0.000000 0.000000 1.000000
0.994921 0.050535 -0.087056 -0.001081 -0.044194 0.996331 0.073292 0.368478 0.090440 -0.069073 0.993504 0.001689 0.000000 0.000000 0.000000 1.000000
0.994901 0.050545 -0.087272 -0.001041 -0.044172 0.996318 0.073480 0.368490 0.090664 -0.069251 0.993471 0.001709 0.000000 0.000000 0.000000 1.000000
0.994885 0.050594 -0.087434 -0.001010 -0.044202 0.996310 0.073568 0.368497 0.090833 -0.069327 0.993450 0.001719 0.000000 0.000000 0.000000 1.000000
0.994874 0.050651 -0.087528 -0.000984 -0.044253 0.996309 0.073549 0.368499 0.090930 -0.069298 0.993443 0.001718 0.000000 0.000000 0.000000 1.000000
0.994865 0.050706 -0.087591 -0.000959 -0.044312 0.996313 0.073461 0.368505 0.090993 -0.069202 0.993444 0.001712 0.000000 0.000000 0.000000 1.000000
0.994858 0.050781 -0.087633 -0.000935 -0.044394 0.996318 0.073352 0.368515 0.091035 -0.069085 0.993448 0.001706 0.000000 0.000000 0.000000 1.000000
0.994854 0.050882 -0.087622 -0.000917 -0.044505 0.996320 0.073252 0.368526 0.091026 -0.068975 0.993457 0.001701 0.000000 0.000000 0.000000 1.000000
0.994852 0.050991 -0.087573 -0.000904 -0.044628 0.996323 0.073140 0.368537 0.090981 -0.068855 0.993469 0.001700 0.000000 0.000000 0.000000 1.000000
0.994848 0.051092 -0.087567 -0.000895 -0.044745 0.996330 0.072974 0.368547 0.090974 -0.068680 0.993482 0.001703 0.000000 0.000000 0.000000 1.000000
0.994836 0.051201 -0.087635 -0.000889 -0.044869 0.996340 0.072758 0.368551 0.091039 -0.068450 0.993492 0.001707 0.000000 0.000000 0.000000 1.000000
0.994821 0.051350 -0.087713 -0.000887 -0.045031 0.996347 0.072557 0.368543 0.091118 -0.068232 0.993500 0.001708 0.000000 0.000000 0.000000 1.000000
0.994811 0.051539 -0.087716 -0.000895 -0.045233 0.996348 0.072417 0.368528 0.091128 -0.068074 0.993510 0.001704 0.000000 0.000000 0.000000 1.000000
0.994809 0.051739 -0.087623 -0.000914 -0.045449 0.996345 0.072326 0.368512 0.091045 -0.067968 0.993525 0.001700 0.000000 0.000000 0.000000 1.000000
0.994812 0.051935 -0.087479 -0.000940 -0.045659 0.996339 0.072277 0.368500 0.090912 -0.067908 0.993541 0.001703 0.000000 0.000000 0.000000 1.000000
0.994813 0.052122 -0.087351 -0.000968 -0.045856 0.996331 0.072265 0.368489 0.090797 -0.067885 0.993553 0.001712 0.000000 0.000000 0.000000 1.000000
0.994809 0.052293 -0.087293 -0.000994 -0.046034 0.996325 0.072231 0.368480 0.090749 -0.067837 0.993561 0.001728 0.000000 0.000000 0.000000 1.000000
0.994799 0.052439 -0.087323 -0.001024 -0.046189 0.996326 0.072124 0.368467 0.090784 -0.067715 0.993566 0.001747 0.000000 0.000000 0.000000 1.000000
0.994783 0.052566 -0.087431 -0.001064 -0.046327 0.996334 0.071922 0.368448 0.090891 -0.067496 0.993571 0.001762 0.000000 0.000000 0.000000 1.000000
0.994761 0.052711 -0.087596 -0.001111 -0.046489 0.996348 0.071614 0.368428 0.091051 -0.067167 0.993579 0.001771 0.000000 0.000000 0.000000 1.000000
0.994731 0.052906 -0.087815 -0.001156 -0.046705 0.996366 0.071232 0.368420 0.091265 -0.066755 0.993587 0.001779 0.000000 0.000000 0.000000 1.000000
0.994692 0.053136 -0.088119 -0.001196 -0.046951 0.996383 0.070831 0.368424 0.091564 -0.066318 0.993588 0.001796 0.000000 0.000000 0.000000 1.000000
0.994645 0.053343 -0.088522 -0.001235 -0.047169 0.996401 0.070428 0.368430 0.091960 -0.065875 0.993581 0.001823 0.000000 0.000000 0.000000 1.000000
0.994596 0.053479 -0.088986 -0.001271 -0.047313 0.996423 0.070016 0.368428 0.092412 -0.065428 0.993569 0.001854 0.000000 0.000000 0.000000 1.000000
0.994550 0.053564 -0.089446 -0.001302 -0.047402 0.996445 0.069642 0.368418 0.092858 -0.065023 0.993554 0.001884 0.000000 0.000000 0.000000 1.000000
0.994511 0.053630 -0.089840 -0.001331 -0.047469 0.996462 0.069360 0.368410 0.093242 -0.064714 0.993538 0.001917 0.000000 0.000000 0.000000 1.000000
0.994480 0.053681 -0.090150 -0.001361 -0.047522 0.996475 0.069133 0.368406 0.093543 -0.064468 0.993526 0.001954 0.000000 0.000000 0.000000 1.000000
0.994454 0.053697 -0.090429 -0.001389 -0.047544 0.996492 0.068868 0.368406 0.093810 -0.064187 0.993519 0.001996 0.000000 0.000000 0.000000 1.000000
0.994426 0.053655 -0.090761 -0.001411 -0.047513 0.996517 0.068528 0.368408 0.094122 -0.063833 0.993512 0.002041 0.000000 0.000000 0.000000 1.000000
0.994393 0.053564 -0.091182 -0.001430 -0.047431 0.996547 0.068151 0.368411 0.094517 -0.063444 0.993500 0.002089 0.000000 0.000000 0.000000 1.000000
0.994357 0.053457 -0.091635 -0.001445 -0.047331 0.996577 0.067777 0.368415 0.094944 -0.063057 0.993483 0.002135 0.000000 0.000000 0.000000 1.000000
0.994326 0.053374 -0.092019 -0.001460 -0.047259 0.996606 0.067397 0.368418 0.095304 -0.062666 0.993474 0.002173 0.000000 0.000000 0.000000 1.000000
0.994304 0.053325 -0.092286 -0.001478 -0.047234 0.996636 0.066981 0.368421 0.095547 -0.062241 0.993477 0.002204 0.000000 0.000000 0.000000 1.000000
0.994288 0.053279 -0.092477 -0.001499 -0.047219 0.996667 0.066526 0.368420 0.095713 -0.061779 0.993490 0.002233 0.000000 0.000000 0.000000 1.000000
0.994273 0.053203 -0.092682 -0.001515 -0.047171 0.996698 0.066098 0.368418 0.095892 -0.061347 0.993499 0.002269 0.000000 0.000000 0.000000 1.000000
0.994254 0.053105 -0.092943 -0.001521 -0.047088 0.996722 0.065780 0.368422 0.096131 -0.061026 0.993496 0.002313 0.000000 0.000000 0.000000 1.000000
0.994231 0.053028 -0.093238 -0.001518 -0.047011 0.996739 0.065582 0.368435 0.096411 -0.060820 0.993482 0.002360 0.000000 0.000000 0.000000 1.000000
0.994205 0.052984 -0.093535 -0.001513 -0.046960 0.996749 0.065476 0.368445 0.096700 -0.060704 0.993461 0.002402 0.000000 0.000000 0.000000 1.000000
0.994182 0.052947 -0.093806 -0.001509 -0.046906 0.996751 0.065481 0.368445 0.096968 -0.060700 0.993435 0.002442 0.000000 0.000000 0.000000 1.000000
0.994166 0.052894 -0.094002 -0.001507 -0.046826 0.996745 0.065629 0.368439 0.097168 -0.060845 0.993406 0.002482 0.000000 0.000000 0.000000 1.000000
0.994159 0.052851 -0.094099 -0.001507 -0.046751 0.996731 0.065890 0.368430 0.097274 -0.061106 0.993380 0.002519 0.000000 0.000000 0.000000 1.000000
0.994154 0.052864 -0.094147 -0.001509 -0.046730 0.996711 0.066209 0.368424 0.097338 -0.061422 0.993354 0.002554 0.000000 0.000000 0.000000 1.000000
0.994143 0.052964 -0.094201 -0.001514 -0.046793 0.996685 0.066559 0.368426 0.097414 -0.061761 0.993326 0.002589 0.000000 0.000000 0.000000 1.000000
0.994130 0.053140 -0.094245 -0.001522 -0.046931 0.996655 0.066911 0.368429 0.097485 -0.062095 0.993298 0.002624 0.000000 0.000000 0.000000 1.000000
0.994120 0.053365 -0.094216 -0.001538 -0.047126 0.996622 0.067254 0.368424 0.097487 -0.062419 0.993278 0.002653 0.000000 0.000000 0.000000 1.000000
0.994115 0.053623 -0.094125 -0.001555 -0.047351 0.996585 0.067646 0.368408 0.097431 -0.062791 0.993260 0.002667 0.000000 0.000000 0.000000 1.000000
0.994105 0.053891 -0.094079 -0.001562 -0.047577 0.996542 0.068116 0.368386 0.097424 -0.063238 0.993232 0.002661 0.000000 0.000000 0.000000 1.000000
0.994092 0.054138 -0.094071 -0.001555 -0.047781 0.996502 0.068564 0.368363 0.097454 -0.063665 0.993202 0.002634 0.000000 0.000000 0.000000 1.000000
0.994097 0.054354 -0.093898 -0.001552 -0.047976 0.996469 0.068902 0.368336 0.097312 -0.063991 0.993195 0.002600 0.000000 0.000000 0.000000 1.000000
0.994125 0.054562 -0.093479 -0.001564 -0.048182 0.996439 0.069196 0.368307 0.096922 -0.064285 0.993214 0.002577 0.000000 0.000000 0.000000 1.000000
0.994156 0.054758 -0.093030 -0.001580 -0.048372 0.996404 0.069567 0.368282 0.096505 -0.064661 0.993230 0.002574 0.000000 0.000000 0.000000 1.000000
0.994174 0.054919 -0.092746 -0.001587 -0.048502 0.996361 0.070081 0.368264 0.096258 -0.065175 0.993220 0.002588 0.000000 0.000000 0.000000 1.000000
0.994181 0.055050 -0.092598 -0.001585 -0.048576 0.996309 0.070774 0.368245 0.096152 -0.065865 0.993185 0.002613 0.000000 0.000000 0.000000 1.000000
0.994188 0.055187 -0.092433 -0.001583 -0.048640 0.996244 0.071638 0.368219 0.096039 -0.066725 0.993139 0.002640 0.000000 0.000000 0.000000 1.000000
0.994207 0.055329 -0.092143 -0.001589 -0.048710 0.996171 0.072594 0.368185 0.095806 -0.067685 0.993096 0.002664 0.000000 0.000000 0.000000 1.000000
0.994239 0.055473 -0.091710 -0.001610 -0.048790 0.996096 0.073573 0.368145 0.095433 -0.068674 0.993064 0.002679 0.000000 0.000000 0.000000 1.000000
0.994279 0.055651 -0.091173 -0.001645 -0.048913 0.996018 0.074541 0.368104 0.094958 -0.069655 0.993041 0.002685 0.000000 0.000000 0.000000 1.000000
0.994321 0.055862 -0.090580 -0.001693 -0.049084 0.995944 0.075401 0.368072 0.094425 -0.070527 0.993031 0.002690 0.000000 0.000000 0.000000 1.000000
0.994369 0.056027 -0.089950 -0.001750 -0.049236 0.995891 0.076011 0.368055 0.093839 -0.071154 0.993041 0.002702 0.000000 0.000000 0.000000 1.000000
0.994425 0.056076 -0.089301 -0.001809 -0.049301 0.995862 0.076349 0.368049 0.093213 -0.071521 0.993074 0.002714 0.000000 0.000000 0.000000 1.000000
0.994480 0.056025 -0.088721 -0.001863 -0.049276 0.995850 0.076512 0.368047 0.092640 -0.071717 0.993114 0.002708 0.000000 0.000000 0.000000 1.000000
0.994524 0.055939 -0.088275 -0.001907 -0.049218 0.995850 0.076553 0.368043 0.092191 -0.071789 0.993150 0.002677 0.000000 0.000000 0.000000 1.000000
0.994564 0.055886 -0.087865 -0.001950 -0.049201 0.995856 0.076490 0.368036 0.091775 -0.071751 0.993191 0.002633 0.000000 0.000000 0.000000 1.000000
0.994604 0.055862 -0.087419 -0.001997 -0.049222 0.995865 0.076358 0.368027 0.091323 -0.071643 0.993241 0.002591 0.000000 0.000000 0.000000 1.000000
0.994637 0.055787 -0.087096 -0.002038 -0.049183 0.995878 0.076213 0.368023 0.090988 -0.071521 0.993280 0.002553 0.000000 0.000000 0.000000 1.000000
0.994652 0.055615 -0.087028 -0.002059 -0.049027 0.995895 0.076085 0.368028 0.090902 -0.071411 0.993296 0.002515 0.000000 0.000000 0.000000 1.000000
0.994656 0.055393 -0.087123 -0.002065 -0.048810 0.995915 0.075962 0.368038 0.090975 -0.071303 0.993297 0.002472 0.000000 0.000000 0.000000 1.000000
0.994659 0.055188 -0.087218 -0.002067 -0.048612 0.995937 0.075801 0.368046 0.091047 -0.071156 0.993301 0.002421 0.000000 0.000000 0.000000 1.000000
0.994663 0.055030 -0.087272 -0.002067 -0.048470 0.995961 0.075584 0.368048 0.091079 -0.070951 0.993313 0.002364 0.000000 0.000000 0.000000 1.000000
0.994662 0.054927 -0.087356 -0.002062 -0.048381 0.995982 0.075363 0.368047 0.091144 -0.070734 0.993322 0.002306 0.000000 0.000000 0.000000 1.000000
0.994652 0.054858 -0.087513 -0.002051 -0.048315 0.995997 0.075210 0.368047 0.091288 -0.070579 0.993320 0.002251 0.000000 0.000000 0.000000 1.000000
0.994639 0.054793 -0.087703 -0.002035 -0.048245 0.996007 0.075119 0.368051 0.091468 -0.070485 0.993310 0.002197 0.000000 0.000000 0.000000 1.000000
0.994628 0.054727 -0.087867 -0.002018 -0.048177 0.996019 0.075007 0.368057 0.091622 -0.070370 0.993304 0.002143 0.000000 0.000000 0.000000 1.000000
0.994618 0.054679 -0.088011 -0.001999 -0.048135 0.996033 0.074839 0.368063 0.091754 -0.070200 0.993304 0.002086 0.000000 0.000000 0.000000 1.000000
0.994604 0.054678 -0.088170 -0.001970 -0.048135 0.996044 0.074695 0.368062 0.091906 -0.070048 0.993301 0.002021 0.000000 0.000000 0.000000 1.000000
0.994589 0.054741 -0.088295 -0.001928 -0.048194 0.996045 0.074642 0.368054 0.092032 -0.069983 0.993294 0.001938 0.000000 0.000000 0.000000 1.000000
0.994585 0.054865 -0.088263 -0.001880 -0.048325 0.996042 0.074599 0.368046 0.092006 -0.069929 0.993300 0.001835 0.000000 0.000000 0.000000 1.000000
0.994597 0.055029 -0.088029 -0.001835 -0.048521 0.996045 0.074435 0.368042 0.091777 -0.069762 0.993333 0.001715 0.000000 0.000000 0.000000 1.000000
0.994612 0.055236 -0.087725 -0.001793 -0.048775 0.996053 0.074159 0.368040 0.091475 -0.069481 0.993380 0.001580 0.000000 0.000000 0.000000 1.000000
0.994612 0.055506 -0.087560 -0.001739 -0.049082 0.996059 0.073881 0.368041 0.091315 -0.069185 0.993416 0.001437 0.000000 0.000000 0.000000 1.000000
0.994586 0.055786 -0.087673 -0.001659 -0.049377 0.996061 0.073651 0.368050 0.091436 -0.068923 0.993423 0.001294 0.000000 0.000000 0.000000 1.000000
0.994539 0.055982 -0.088079 -0.001553 -0.049565 0.996068 0.073430 0.368067 0.091843 -0.068664 0.993403 0.001150 0.000000 0.000000 0.000000 1.000000
0.994484 0.056076 -0.088637 -0.001437 -0.049641 0.996081 0.073204 0.368086 0.092395 -0.068400 0.993370 0.001005 0.000000 0.000000 0.000000 1.000000
0.994435 0.056155 -0.089135 -0.001328 -0.049702 0.996091 0.073030 0.368097 0.092888 -0.068193 0.993339 0.000864 0.000000 0.000000 0.000000 1.000000
0.994398 0.056298 -0.089460 -0.001234 -0.049833 0.996092 0.072919 0.368101 0.093216 -0.068052 0.993318 0.000730 0.000000 0.000000 0.000000 1.000000
0.994369 0.056493 -0.089663 -0.001146 -0.050029 0.996093 0.072779 0.368099 0.093425 -0.067883 0.993309 0.000599 0.000000 0.000000 0.000000 1.000000
0.994343 0.056698 -0.089821 -0.001062 -0.050248 0.996101 0.072511 0.368097 0.093582 -0.067588 0.993315 0.000469 0.000000 0.000000 0.000000 1.000000
0.994318 0.056884 -0.089975 -0.000983 -0.050462 0.996119 0.072109 0.368100 0.093728 -0.067159 0.993330 0.000343 0.000000 0.000000 0.000000 1.000000
0.994291 0.057047 -0.090170 -0.000905 -0.050655 0.996143 0.071650 0.368111 0.093909 -0.066673 0.993346 0.000225 0.000000 0.000000 0.000000 1.000000
0.994258 0.057186 -0.090449 -0.000827 -0.050815 0.996164 0.071238 0.368126 0.094176 -0.066233 0.993350 0.000114 0.000000 0.000000 0.000000 1.000000
0.994217 0.057311 -0.090820 -0.000747 -0.050945 0.996180 0.070929 0.368140 0.094538 -0.065892 0.993338 0.000004 0.000000 0.000000 0.000000 1.000000
0.994170 0.057448 -0.091247 -0.000665 -0.051079 0.996191 0.070669 0.368152 0.094959 -0.065596 0.993318 -0.000113 0.000000 0.000000 0.000000 1.000000
0.994119 0.057618 -0.091692 -0.000583 -0.051252 0.996206 0.070333 0.368166 0.095396 -0.065220 0.993301 -0.000233 0.000000 0.000000 0.000000 1.000000
0.994067 0.057794 -0.092143 -0.000499 -0.051447 0.996231 0.069831 0.368182 0.095831 -0.064676 0.993294 -0.000351 0.000000 0.000000 0.000000 1.000000
0.994016 0.057914 -0.092614 -0.000410 -0.051598 0.996268 0.069196 0.368202 0.096275 -0.064003 0.993295 -0.000461 0.000000 0.000000 0.000000 1.000000
0.993969 0.057955 -0.093099 -0.000312 -0.051674 0.996311 0.068520 0.368229 0.096726 -0.063296 0.993296 -0.000562 0.000000 0.000000 0.000000 1.000000
0.993925 0.057964 -0.093555 -0.000208 -0.051716 0.996352 0.067886 0.368263 0.097149 -0.062635 0.993297 -0.000651 0.000000 0.000000 0.000000 1.000000
0.993887 0.057991 -0.093948 -0.000101 -0.051770 0.996385 0.067357 0.368297 0.097515 -0.062082 0.993296 -0.000733 0.000000 0.000000 0.000000 1.000000
0.993852 0.058046 -0.094277 0.000004 -0.051841 0.996406 0.066986 0.368324 0.097827 -0.061687 0.993290 -0.000814 0.000000 0.000000 0.000000 1.000000
0.993822 0.058115 -0.094550 0.000108 -0.051914 0.996416 0.066779 0.368341 0.098092 -0.061458 0.993278 -0.000898 0.000000 0.000000 0.000000 1.000000
0.993798 0.058199 -0.094754 0.000211 -0.051993 0.996417 0.066703 0.368349 0.098296 -0.061362 0.993264 -0.000981 0.000000 0.000000 0.000000 1.000000
0.993782 0.058312 -0.094857 0.000309 -0.052096 0.996409 0.066740 0.368353 0.098408 -0.061383 0.993251 -0.001059 0.000000 0.000000 0.000000 1.000000
0.993774 0.058448 -0.094851 0.000398 -0.052217 0.996393 0.066892 0.368355 0.098419 -0.061522 0.993242 -0.001125 0.000000 0.000000 0.000000 1.000000
0.993775 0.058590 -0.094752 0.000476 -0.052341 0.996369 0.067147 0.368358 0.098342 -0.061770 0.993234 -0.001176 0.000000 0.000000 0.000000 1.000000
0.993786 0.058747 -0.094542 0.000546 -0.052480 0.996341 0.067464 0.368360 0.098159 -0.062083 0.993232 -0.001214 0.000000 0.000000 0.000000 1.000000
0.993807 0.058938 -0.094199 0.000617 -0.052661 0.996309 0.067793 0.368364 0.097847 -0.062413 0.993242 -0.001247 0.000000 0.000000 0.000000 1.000000
0.993834 0.059139 -0.093786 0.000690 -0.052855 0.996276 0.068124 0.368369 0.097465 -0.062747 0.993259 -0.001280 0.000000 0.000000 0.000000 1.000000
0.993856 0.059294 -0.093458 0.000765 -0.052997 0.996244 0.068485 0.368376 0.097168 -0.063111 0.993265 -0.001312 0.000000 0.000000 0.000000 1.000000
0.993863 0.059389 -0.093328 0.000841 -0.053059 0.996211 0.068901 0.368377 0.097066 -0.063526 0.993248 -0.001344 0.000000 0.000000 0.000000 1.000000
0.993859 0.059439 -0.093339 0.000919 -0.053062 0.996178 0.069381 0.368370 0.097106 -0.064002 0.993214 -0.001379 0.000000 0.000000 0.000000 1.000000
0.993860 0.059452 -0.093313 0.000999 -0.053024 0.996143 0.069916 0.368358 0.097110 -0.064539 0.993179 -0.001416 0.000000 0.000000 0.000000 1.000000
0.993880 0.059454 -0.093105 0.001075 -0.052989 0.996108 0.070438 0.368344 0.096931 -0.065073 0.993162 -0.001455 0.000000 0.000000 0.000000 1.000000
0.993914 0.059500 -0.092711 0.001140 -0.053017 0.996074 0.070887 0.368332 0.096565 -0.065540 0.993167 -0.001494 0.000000 0.000000 0.000000 1.000000
0.993948 0.059622 -0.092258 0.001193 -0.053135 0.996042 0.071248 0.368323 0.096141 -0.065914 0.993183 -0.001532 0.000000 0.000000 0.000000 1.000000
0.993977 0.059768 -0.091856 0.001237 -0.053287 0.996019 0.071462 0.368319 0.095762 -0.066137 0.993205 -0.001568 0.000000 0.000000 0.000000 1.000000
0.994003 0.059869 -0.091512 0.001275 -0.053412 0.996014 0.071443 0.368318 0.095424 -0.066126 0.993238 -0.001602 0.000000 0.000000 0.000000 1.000000
0.994028 0.059936 -0.091189 0.001305 -0.053528 0.996027 0.071171 0.368317 0.095093 -0.065865 0.993287 -0.001638 0.000000 0.000000 0.000000 1.000000
0.994051 0.060038 -0.090879 0.001325 -0.053696 0.996052 0.070696 0.368317 0.094764 -0.065396 0.993349 -0.001679 0.000000 0.000000 0.000000 1.000000
0.994066 0.060195 -0.090608 0.001336 -0.053928 0.996082 0.070089 0.368318 0.094472 -0.064787 0.993417 -0.001722 0.000000 0.000000 0.000000 1.000000
0.994076 0.060369 -0.090383 0.001342 -0.054181 0.996115 0.069427 0.368317 0.094223 -0.064119 0.993484 -0.001756 0.000000 0.000000 0.000000 1.000000
0.994086 0.060535 -0.090161 0.001342 -0.054421 0.996145 0.068798 0.368314 0.093978 -0.063484 0.993548 -0.001773 0.000000 0.000000 0.000000 1.000000
0.994098 0.060708 -0.089912 0.001332 -0.054659 0.996168 0.068278 0.368313 0.093712 -0.062960 0.993607 -0.001776 0.000000 0.000000 0.000000 1.000000
0.994108 0.060900 -0.089664 0.001308 -0.054902 0.996180 0.067907 0.368314 0.093457 -0.062584 0.993654 -0.001765 0.000000 0.000000 0.000000 1.000000
0.994115 0.061078 -0.089468 0.001270 -0.055116 0.996185 0.067662 0.368312 0.093260 -0.062333 0.993689 -0.001735 0.000000 0.000000 0.000000 1.000000
0.994116 0.061184 -0.089383 0.001227 -0.055245 0.996190 0.067474 0.368307 0.093170 -0.062139 0.993709 -0.001681 0.000000 0.000000 0.000000 1.000000
0.994110 0.061209 -0.089436 0.001184 -0.055286 0.996202 0.067262 0.368305 0.093213 -0.061921 0.993719 -0.001609 0.000000 0.000000 0.000000 1.000000
0.994094 0.061213 -0.089612 0.001138 -0.055304 0.996219 0.066998 0.368309 0.093375 -0.061646 0.993721 -0.001529 0.000000 0.000000 0.000000 1.000000
0.994070 0.061252 -0.089849 0.001082 -0.055356 0.996235 0.066718 0.368313 0.093598 -0.061348 0.993718 -0.001444 0.000000 0.000000 0.000000 1.000000
0.994045 0.061327 -0.090075 0.001014 -0.055440 0.996247 0.066464 0.368312 0.093813 -0.061075 0.993715 -0.001351 0.000000 0.000000 0.000000 1.000000
0.994022 0.061418 -0.090261 0.000931 -0.055541 0.996256 0.066245 0.368308 0.093992 -0.060836 0.993712 -0.001247 0.000000 0.000000 0.000000 1.000000
