<?xml version="1.0" encoding="utf-8"?>
<COLLADA xmlns="http://www.collada.org/2005/11/COLLADASchema" version="1.4.1">
  <asset><contributor><author>Mixamo</author><authoring_tool>COLLADA Mixamo exporter</authoring_tool><comments></comments></contributor><created>2014-08-29T16:11:01Z</created><modified>2014-08-29T16:11:01Z</modified><revision></revision><title></title><unit meter="0.025400"/><up_axis>Y_UP</up_axis></asset>
  <library_animations>
    <animation id="mixamorig_Hips-anim" name="mixamorig_Hips"><source id="mixamorig_Hips-Matrix-animation-input"><float_array id="mixamorig_Hips-Matrix-animation-input-array" count="29">

0.000000 0.033333 0.066667 0.100000 0.133333 0.166667 0.200000 0.233333 0.266667 0.300000 0.333333 0.366667 0.400000 0.433333 0.466667 0.500000
0.533333 0.566667 0.600000 0.633333 0.666667 0.700000 0.733333 0.766667 0.800000 0.833333 0.866667 0.900000 0.933333</float_array><technique_common><accessor source="#mixamorig_Hips-Matrix-animation-input-array" count="29"><param name="TIME" type="float"/></accessor></technique_common></source><source id="mixamorig_Hips-Matrix-animation-output-transform"><float_array id="mixamorig_Hips-Matrix-animation-output-transform-array" count="464">

0.992383 0.048290 0.113336 0.000449 -0.055932 0.996301 0.065240 0.368291 -0.109766 -0.071082 0.991413 -0.001033 0.000000 0.000000 0.000000 1.000000
0.992110 0.053008 0.113615 0.000924 -0.059176 0.996912 0.051626 0.367757 -0.110527 -0.057941 0.992183 -0.003443 0.000000 0.000000 0.000000 1.000000
0.991908 0.056257 0.113810 0.001743 -0.061363 0.997237 0.041864 0.367095 -0.111141 -0.048509 0.992620 -0.005688 0.000000 0.000000 0.000000 1.000000
0.991579 0.061248 0.114104 0.002820 -0.065754 0.997181 0.036148 0.367057 -0.111568 -0.043346 0.992811 -0.008565 0.000000 0.000000 0.000000 1.000000
0.991115 0.067640 0.114521 0.004085 -0.071955 0.996829 0.033970 0.367656 -0.111860 -0.041908 0.992840 -0.011961 0.000000 0.000000 0.000000 1.000000
0.990718 0.072748 0.114830 0.005305 -0.077174 0.996418 0.034574 0.368207 -0.111904 -0.043115 0.992783 -0.015575 0.000000 0.000000 0.000000 1.000000
0.990778 0.072033 0.114759 0.006195 -0.076708 0.996372 0.036850 0.368142 -0.111688 -0.045313 0.992710 -0.019124 0.000000 0.000000 0.000000 1.000000
0.991151 0.067233 0.114450 0.006663 -0.072124 0.996628 0.039136 0.367697 -0.111433 -0.047044 0.992658 -0.022587 0.000000 0.000000 0.000000 1.000000
0.991564 0.061459 0.114120 0.006541 -0.066557 0.996923 0.041410 0.367095 -0.111223 -0.048656 0.992604 -0.025964 0.000000 0.000000 0.000000 1.000000
0.991952 0.055493 0.113805 0.005724 -0.061042 0.997080 0.045874 0.366514 -0.110927 -0.052452 0.992443 -0.029035 0.000000 0.000000 0.000000 1.000000
0.992233 0.050686 0.113596 0.004219 -0.056991 0.996969 0.052958 0.366247 -0.110568 -0.059020 0.992115 -0.031530 0.000000 0.000000 0.000000 1.000000
0.992382 0.047911 0.113499 0.001892 -0.055051 0.996641 0.060629 0.366329 -0.110213 -0.066415 0.991687 -0.033278 0.000000 0.000000 0.000000 1.000000
0.992339 0.048553 0.113601 -0.001052 -0.056434 0.996141 0.067216 0.366550 -0.109899 -0.073112 0.991250 -0.034485 0.000000 0.000000 0.000000 1.000000
0.991976 0.054568 0.114041 -0.003954 -0.063065 0.995388 0.072281 0.366189 -0.109571 -0.078893 0.990843 -0.035508 0.000000 0.000000 0.000000 1.000000
0.991922 0.055373 0.114127 -0.006612 -0.064561 0.994826 0.078446 0.365536 -0.109193 -0.085180 0.990364 -0.036300 0.000000 0.000000 0.000000 1.000000
0.992338 0.048371 0.113687 -0.009298 -0.058345 0.994575 0.086114 0.365392 -0.108905 -0.092088 0.989778 -0.036555 0.000000 0.000000 0.000000 1.000000
0.992917 0.037012 0.112897 -0.011902 -0.047437 0.994712 0.091097 0.366090 -0.108928 -0.095807 0.989422 -0.036116 0.000000 0.000000 0.000000 1.000000
0.993228 0.029677 0.112328 -0.014078 -0.040287 0.994813 0.093399 0.366929 -0.108974 -0.097292 0.989272 -0.034861 0.000000 0.000000 0.000000 1.000000
0.993368 0.025973 0.112006 -0.015803 -0.036829 0.994703 0.095966 0.367631 -0.108920 -0.099455 0.989063 -0.032729 0.000000 0.000000 0.000000 1.000000
0.993532 0.021138 0.111564 -0.017063 -0.032039 0.994784 0.096846 0.368319 -0.108935 -0.099794 0.989027 -0.029856 0.000000 0.000000 0.000000 1.000000
0.993610 0.019004 0.111259 -0.017799 -0.029695 0.995012 0.095236 0.368642 -0.108894 -0.097931 0.989218 -0.026249 0.000000 0.000000 0.000000 1.000000
0.993552 0.021449 0.111328 -0.017856 -0.031980 0.995088 0.093688 0.368652 -0.108771 -0.096645 0.989358 -0.021913 0.000000 0.000000 0.000000 1.000000
0.993371 0.027102 0.111709 -0.016909 -0.037687 0.994881 0.093758 0.368141 -0.108596 -0.097346 0.989308 -0.016983 0.000000 0.000000 0.000000 1.000000
0.992952 0.037543 0.112415 -0.014832 -0.048170 0.994466 0.093360 0.366915 -0.108288 -0.098117 0.989266 -0.011856 0.000000 0.000000 0.000000 1.000000
0.992570 0.045179 0.112973 -0.012102 -0.055482 0.994415 0.089783 0.366275 -0.108286 -0.095384 0.989533 -0.007397 0.000000 0.000000 0.000000 1.000000
0.992315 0.049711 0.113316 -0.008988 -0.059644 0.994506 0.086023 0.366552 -0.108417 -0.092121 0.989828 -0.004032 0.000000 0.000000 0.000000 1.000000
0.992168 0.052111 0.113519 -0.005430 -0.061809 0.994577 0.083649 0.367346 -0.108544 -0.090011 0.990008 -0.001943 0.000000 0.000000 0.000000 1.000000
0.992249 0.050658 0.113473 -0.001600 -0.059709 0.995176 0.077841 0.368058 -0.108982 -0.084013 0.990487 -0.001036 0.000000 0.000000 0.000000 1.000000
0.992380 0.048355 0.113329 0.002053 -0.055996 0.996297 0.065242 0.368258 -0.109755 -0.071090 0.991413 -0.001914 0.000000 0.000000 0.000000 1.000000</float_array><technique_common><accessor source="#mixamorig_Hips-Matrix-animation-output-transform-array" count="29" stride="16"><param type="float4x4"/></accessor></technique_common></source><source id="mixamorig_Hips-Interpolations"><Name_array id="mixamorig_Hips-Interpolations-array" count="29">
 LINEAR LINEAR LINEAR LINEAR LINEAR LINEAR LINEAR LINEAR LINEAR LINEAR LINEAR
LINEAR LINEAR LINEAR LINEAR LINEAR LINEAR LINEAR LINEAR LINEAR LINEAR LINEAR LINEAR
LINEAR LINEAR LINEAR LINEAR LINEAR LINEAR</Name_array><technique_common><accessor source="#mixamorig_Hips-Interpolations-array" count="29"><param type="name"/></accessor></technique_common></source><sampler id="mixamorig_Hips-Matrix-animation-transform"><input semantic="INPUT" source="#mixamorig_Hips-Matrix-animation-input"/><input semantic="OUTPUT" source="#mixamorig_Hips-Matrix-animation-output-transform"/><input semantic="INTERPOLATION" source="#mixamorig_Hips-Interpolations"/></sampler><channel source="#mixamorig_Hips-Matrix-animation-transform" target="mixamorig_Hips/matrix"/></animation>
    <animation id="mixamorig_Spine-anim" name="mixamorig_Spine"><source id="mixamorig_Spine-Matrix-animation-input"><float_array id="mixamorig_Spine-Matrix-animation-input-array" count="29">

0.000000 0.033333 0.066667 0.100000 0.133333 0.166667 0.200000 0.233333 0.266667 0.300000 0.333333 0.366667 0.400000 0.433333 0.466667 0.500000
0.533333 0.566667 0.600000 0.633333 0.666667 0.700000 0.733333 0.766667 0.800000 0.833333 0.866667 0.900000 0.933333</float_array><technique_common><accessor source="#mixamorig_Spine-Matrix-animation-input-array" count="29"><param name="TIME" type="float"/></accessor></technique_common></source><source id="mixamorig_Spine-Matrix-animation-output-transform"><float_array id="mixamorig_Spine-Matrix-animation-output-transform-array" count="464">

0.998667 -0.045489 0.024399 0.000000 0.045581 0.998955 -0.003226 0.028500 -0.024227 0.004334 0.999697 -0.001600 0.000000 0.000000 0.000000 1.000000
0.998919 -0.041611 0.020710 0.000000 0.041728 0.999115 -0.005289 0.028500 -0.020472 0.006148 0.999772 -0.001600 0.000000 0.000000 0.000000 1.000000
0.999143 -0.037348 0.017820 0.000000 0.037488 0.999268 -0.007561 0.028500 -0.017525 0.008223 0.999813 -0.001600 0.000000 0.000000 0.000000 1.000000
0.999158 -0.038227 0.014907 0.000000 0.038376 0.999215 -0.009789 0.028500 -0.014521 0.010353 0.999841 -0.001600 0.000000 0.000000 0.000000 1.000000
0.998914 -0.045130 0.011558 0.000000 0.045263 0.998908 -0.011536 0.028500 -0.011025 0.012046 0.999867 -0.001600 0.000000 0.000000 0.000000 1.000000
0.998484 -0.054519 0.007631 0.000000 0.054609 0.998435 -0.012064 0.028500 -0.006961 0.012462 0.999898 -0.001600 0.000000 0.000000 0.000000 1.000000
0.998231 -0.059383 0.002914 0.000000 0.059412 0.998175 -0.010841 0.028500 -0.002265 0.010995 0.999937 -0.001600 0.000000 0.000000 0.000000 1.000000
0.998188 -0.060157 -0.001197 0.000000 0.060146 0.998158 -0.007978 0.028500 0.001675 0.007891 0.999967 -0.001600 0.000000 0.000000 0.000000 1.000000
0.998196 -0.059966 -0.002800 0.000000 0.059953 0.998191 -0.004452 0.028500 0.003062 0.004276 0.999986 -0.001600 0.000000 0.000000 0.000000 1.000000
0.998222 -0.059478 -0.003874 0.000000 0.059472 0.998229 -0.001619 0.028500 0.003964 0.001386 0.999991 -0.001600 0.000000 0.000000 0.000000 1.000000
0.998170 -0.060043 -0.007222 -0.000000 0.060049 0.998195 0.000607 0.028500 0.007173 -0.001040 0.999974 -0.001600 0.000000 0.000000 0.000000 1.000000
0.998101 -0.060312 -0.012564 -0.000000 0.060359 0.998171 0.003449 0.028500 0.012333 -0.004201 0.999915 -0.001600 0.000000 0.000000 0.000000 1.000000
0.998133 -0.058863 -0.016276 -0.000000 0.058971 0.998240 0.006198 0.028500 0.015882 -0.007146 0.999848 -0.001600 0.000000 0.000000 0.000000 1.000000
0.998001 -0.061368 -0.015123 0.000000 0.061481 0.998083 0.007113 0.028500 0.014657 -0.008028 0.999860 -0.001600 0.000000 0.000000 0.000000 1.000000
0.998028 -0.061952 -0.010079 -0.000000 0.062013 0.998059 0.005783 0.028500 0.009701 -0.006397 0.999932 -0.001600 0.000000 0.000000 0.000000 1.000000
0.998362 -0.057110 -0.003502 0.000000 0.057122 0.998361 0.003452 0.028500 0.003299 -0.003646 0.999988 -0.001600 0.000000 0.000000 0.000000 1.000000
0.998794 -0.048960 0.003744 0.000000 0.048951 0.998798 0.002309 0.028500 -0.003853 -0.002123 0.999990 -0.001600 0.000000 0.000000 0.000000 1.000000
0.998868 -0.046736 0.008874 0.000000 0.046729 0.998907 0.000969 0.028500 -0.008910 -0.000553 0.999960 -0.001600 0.000000 0.000000 0.000000 1.000000
0.998702 -0.049792 0.010692 0.000000 0.049817 0.998756 -0.002083 0.028500 -0.010575 0.002613 0.999941 -0.001600 0.000000 0.000000 0.000000 1.000000
0.998531 -0.052595 0.013048 0.000000 0.052662 0.998601 -0.004857 0.028500 -0.012774 0.005537 0.999903 -0.001600 0.000000 0.000000 0.000000 1.000000
0.998209 -0.056756 0.018910 0.000000 0.056894 0.998357 -0.006871 0.028500 -0.018489 0.007935 0.999798 -0.001600 0.000000 0.000000 0.000000 1.000000
0.997639 -0.063317 0.026590 0.000000 0.063575 0.997937 -0.008959 0.028500 -0.025968 0.010628 0.999606 -0.001600 0.000000 0.000000 0.000000 1.000000
0.996804 -0.072531 0.033472 0.000000 0.072911 0.997285 -0.010302 0.028500 -0.032634 0.012710 0.999387 -0.001600 0.000000 0.000000 0.000000 1.000000
0.995509 -0.085777 0.040057 0.000000 0.086220 0.996231 -0.009469 0.028500 -0.039094 0.012880 0.999153 -0.001600 0.000000 0.000000 0.000000 1.000000
0.994761 -0.090631 0.047302 0.000000 0.091077 0.995817 -0.007358 0.028500 -0.046437 0.011628 0.998854 -0.001600 0.000000 0.000000 0.000000 1.000000
0.995081 -0.084539 0.051637 -0.000000 0.084980 0.996362 -0.006410 0.028500 -0.050907 0.010766 0.998645 -0.001600 0.000000 0.000000 0.000000 1.000000
0.996174 -0.073053 0.047961 0.000000 0.073452 0.997277 -0.006622 0.028500 -0.047346 0.010120 0.998827 -0.001600 0.000000 0.000000 0.000000 1.000000
0.997551 -0.059543 0.036701 0.000000 0.059799 0.998193 -0.005923 0.028500 -0.036282 0.008103 0.999309 -0.001600 0.000000 0.000000 0.000000 1.000000
0.998664 -0.045554 0.024406 0.000000 0.045646 0.998952 -0.003225 0.028500 -0.024233 0.004335 0.999697 -0.001600 0.000000 0.000000 0.000000 1.000000</float_array><technique_common><accessor source="#mixamorig_Spine-Matrix-animation-output-transform-array" count="29" stride="16"><param type="float4x4"/></accessor></technique_common></source><source id="mixamorig_Spine-Interpolations"><Name_array id="mixamorig_Spine-Interpolations-array" count="29">
 LINEAR LINEAR LINEAR LINEAR LINEAR LINEAR LINEAR LINEAR LINEAR LINEAR LINEAR
LINEAR LINEAR LINEAR LINEAR LINEAR LINEAR LINEAR LINEAR LINEAR LINEAR LINEAR LINEAR
LINEAR LINEAR LINEAR LINEAR LINEAR LINEAR</Name_array><technique_common><accessor source="#mixamorig_Spine-Interpolations-array" count="29"><param type="name"/></accessor></technique_common></source><sampler id="mixamorig_Spine-Matrix-animation-transform"><input semantic="INPUT" source="#mixamorig_Spine-Matrix-animation-input"/><input semantic="OUTPUT" source="#mixamorig_Spine-Matrix-animation-output-transform"/><input semantic="INTERPOLATION" source="#mixamorig_Spine-Interpolations"/></sampler><channel source="#mixamorig_Spine-Matrix-animation-transform" target="mixamorig_Spine/matrix"/></animation>
    <animation id="mixamorig_Spine1-anim" name="mixamorig_Spine1"><source id="mixamorig_Spine1-Matrix-animation-input"><float_array id="mixamorig_Spine1-Matrix-animation-input-array" count="29">

0.000000 0.033333 0.066667 0.100000 0.133333 0.166667 0.200000 0.233333 0.266667 0.300000 0.333333 0.366667 0.400000 0.433333 0.466667 0.500000
0.533333 0.566667 0.600000 0.633333 0.666667 0.700000 0.733333 0.766667 0.800000 0.833333 0.866667 0.900000 0.933333</float_array><technique_common><accessor source="#mixamorig_Spine1-Matrix-animation-input-array" count="29"><param name="TIME" type="float"/></accessor></technique_common></source><source id="mixamorig_Spine1-Matrix-animation-output-transform"><float_array id="mixamorig_Spine1-Matrix-animation-output-transform-array" count="464">

0.999615 -0.027380 0.004440 -0.000000 0.027464 0.999420 -0.020122 0.033300 -0.003886 0.020236 0.999788 0.000000 0.000000 0.000000 0.000000 1.000000
0.999629 -0.027189 0.001751 -0.000000 0.027220 0.999392 -0.021805 0.033300 -0.001157 0.021844 0.999761 0.000000 0.000000 0.000000 0.000000 1.000000
0.999686 -0.025042 -0.000166 0.000000 0.025031 0.999409 -0.023545 0.033300 0.000756 0.023533 0.999723 0.000000 0.000000 0.000000 0.000000 1.000000
0.999770 -0.021310 -0.002431 -0.000000 0.021241 0.999451 -0.025410 0.033300 0.002971 0.025353 0.999674 -0.000000 0.000000 0.000000 0.000000 1.000000
0.999839 -0.017021 -0.005623 -0.000000 0.016862 0.999488 -0.027185 0.033300 0.006083 0.027086 0.999615 0.000000 0.000000 0.000000 0.000000 1.000000
0.999880 -0.012300 -0.009401 -0.000000 0.012033 0.999537 -0.027936 0.033300 0.009741 0.027820 0.999566 0.000000 0.000000 0.000000 0.000000 1.000000
0.999888 -0.006581 -0.013433 0.000000 0.006217 0.999617 -0.026950 0.033300 0.013605 0.026863 0.999547 0.000000 0.000000 0.000000 0.000000 1.000000
0.999859 0.000205 -0.016779 0.000000 -0.000615 0.999701 -0.024431 0.033300 0.016769 0.024438 0.999561 -0.000000 0.000000 0.000000 0.000000 1.000000
0.999807 0.007413 -0.018169 0.000000 -0.007800 0.999742 -0.021343 0.033300 0.018007 0.021481 0.999607 0.000000 0.000000 0.000000 0.000000 1.000000
0.999711 0.014428 -0.019232 -0.000000 -0.014789 0.999715 -0.018726 0.033300 0.018956 0.019005 0.999640 0.000000 0.000000 0.000000 0.000000 1.000000
0.999525 0.021489 -0.022112 0.000000 -0.021856 0.999625 -0.016486 0.033300 0.021749 0.016961 0.999620 0.000000 0.000000 0.000000 0.000000 1.000000
0.999237 0.028732 -0.026447 0.000000 -0.029102 0.999482 -0.013711 0.033300 0.026040 0.014470 0.999556 0.000000 0.000000 0.000000 0.000000 1.000000
0.998976 0.034172 -0.029661 0.000000 -0.034514 0.999343 -0.011084 0.033300 0.029263 0.012096 0.999499 0.000000 0.000000 0.000000 0.000000 1.000000
0.998888 0.037215 -0.028952 0.000000 -0.037523 0.999244 -0.010158 0.033300 0.028552 0.011233 0.999529 0.000000 0.000000 0.000000 0.000000 1.000000
0.998842 0.041018 -0.025152 -0.000000 -0.041312 0.999082 -0.011310 0.033300 0.024665 0.012336 0.999620 0.000000 0.000000 0.000000 0.000000 1.000000
0.998736 0.046027 -0.020220 0.000000 -0.046305 0.998836 -0.013492 0.033300 0.019575 0.014411 0.999705 -0.000000 0.000000 0.000000 0.000000 1.000000
0.998648 0.049845 -0.014738 0.000000 -0.050063 0.998637 -0.014770 0.033300 0.013982 0.015488 0.999782 0.000000 0.000000 0.000000 0.000000 1.000000
0.998703 0.049792 -0.010624 0.000000 -0.049958 0.998622 -0.016057 0.033300 0.009810 0.016567 0.999815 0.000000 0.000000 0.000000 0.000000 1.000000
0.998851 0.047056 -0.009037 0.000000 -0.047217 0.998713 -0.018540 0.033300 0.008153 0.018946 0.999787 0.000000 0.000000 0.000000 0.000000 1.000000
0.999034 0.043392 -0.007011 -0.000000 -0.043530 0.998834 -0.020870 0.033300 0.006097 0.021155 0.999758 0.000000 0.000000 0.000000 0.000000 1.000000
0.999298 0.037404 -0.002276 0.000000 -0.037446 0.999040 -0.022748 0.033300 0.001423 0.022817 0.999739 0.000000 0.000000 0.000000 0.000000 1.000000
0.999601 0.027991 0.003676 0.000000 -0.027892 0.999305 -0.024718 0.033300 -0.004366 0.024606 0.999688 -0.000000 0.000000 0.000000 0.000000 1.000000
0.999819 0.016850 0.008831 0.000000 -0.016615 0.999523 -0.026033 0.033300 -0.009265 0.025881 0.999622 -0.000000 0.000000 0.000000 0.000000 1.000000
0.999895 0.004839 0.013641 -0.000000 -0.004487 0.999660 -0.025695 0.033300 -0.013761 0.025631 0.999577 0.000000 0.000000 0.000000 0.000000 1.000000
0.999787 -0.006685 0.019506 -0.000000 0.007159 0.999678 -0.024353 0.033300 -0.019337 0.024488 0.999513 0.000000 0.000000 0.000000 0.000000 1.000000
0.999568 -0.017222 0.023814 -0.000000 0.017787 0.999561 -0.023705 0.033300 -0.023396 0.024118 0.999435 0.000000 0.000000 0.000000 0.000000 1.000000
0.999429 -0.025710 0.021904 0.000000 0.026227 0.999376 -0.023640 0.033300 -0.021283 0.024201 0.999481 0.000000 0.000000 0.000000 0.000000 1.000000
0.999483 -0.029110 0.013624 0.000000 0.029414 0.999310 -0.022662 0.033300 -0.012955 0.023051 0.999650 0.000000 0.000000 0.000000 0.000000 1.000000
0.999615 -0.027380 0.004440 0.000000 0.027464 0.999420 -0.020122 0.033300 -0.003886 0.020236 0.999788 -0.000000 0.000000 0.000000 0.000000 1.000000</float_array><technique_common><accessor source="#mixamorig_Spine1-Matrix-animation-output-transform-array" count="29" stride="16"><param type="float4x4"/></accessor></technique_common></source><source id="mixamorig_Spine1-Interpolations"><Name_array id="mixamorig_Spine1-Interpolations-array" count="29">
 LINEAR LINEAR LINEAR LINEAR LINEAR LINEAR LINEAR LINEAR LINEAR LINEAR LINEAR
LINEAR LINEAR LINEAR LINEAR LINEAR LINEAR LINEAR LINEAR LINEAR LINEAR LINEAR LINEAR
LINEAR LINEAR LINEAR LINEAR LINEAR LINEAR</Name_array><technique_common><accessor source="#mixamorig_Spine1-Interpolations-array" count="29"><param type="name"/></accessor></technique_common></source><sampler id="mixamorig_Spine1-Matrix-animation-transform"><input semantic="INPUT" source="#mixamorig_Spine1-Matrix-animation-input"/><input semantic="OUTPUT" source="#mixamorig_Spine1-Matrix-animation-output-transform"/><input semantic="INTERPOLATION" source="#mixamorig_Spine1-Interpolations"/></sampler><channel source="#mixamorig_Spine1-Matrix-animation-transform" target="mixamorig_Spine1/matrix"/></animation>
    <animation id="mixamorig_Spine2-anim" name="mixamorig_Spine2"><source id="mixamorig_Spine2-Matrix-animation-input"><float_array id="mixamorig_Spine2-Matrix-animation-input-array" count="29">

0.000000 0.033333 0.066667 0.100000 0.133333 0.166667 0.200000 0.233333 0.266667 0.300000 0.333333 0.366667 0.400000 0.433333 0.466667 0.500000
0.533333 0.566667 0.600000 0.633333 0.666667 0.700000 0.733333 0.766667 0.800000 0.833333 0.866667 0.900000 0.933333</float_array><technique_common><accessor source="#mixamorig_Spine2-Matrix-animation-input-array" count="29"><param name="TIME" type="float"/></accessor></technique_common></source><source id="mixamorig_Spine2-Matrix-animation-output-transform"><float_array id="mixamorig_Spine2-Matrix-animation-output-transform-array" count="464">

0.999611 -0.027455 0.004822 0.000000 0.027545 0.999427 -0.019671 0.038000 -0.004279 0.019796 0.999795 -0.000000 0.000000 0.000000 0.000000 1.000000
0.999606 -0.027976 0.002061 0.000000 0.028013 0.999381 -0.021285 0.038000 -0.001464 0.021335 0.999771 0.000000 0.000000 0.000000 0.000000 1.000000
0.999609 -0.027963 0.000139 0.000000 0.027959 0.999345 -0.022959 0.038000 0.000504 0.022954 0.999736 0.000000 0.000000 0.000000 0.000000 1.000000
0.999618 -0.027549 -0.002029 0.000000 0.027491 0.999315 -0.024770 0.038000 0.002710 0.024704 0.999691 -0.000000 0.000000 0.000000 0.000000 1.000000
0.999608 -0.027542 -0.005015 0.000000 0.027400 0.999273 -0.026508 0.038000 0.005741 0.026360 0.999636 0.000000 0.000000 0.000000 0.000000 1.000000
0.999574 -0.027906 -0.008518 0.000000 0.027665 0.999246 -0.027235 0.038000 0.009272 0.026988 0.999593 0.000000 0.000000 0.000000 0.000000 1.000000
0.999535 -0.027921 -0.012248 0.000000 0.027593 0.999275 -0.026218 0.038000 0.012972 0.025868 0.999581 -0.000000 0.000000 0.000000 0.000000 1.000000
0.999509 -0.027348 -0.015272 0.000000 0.026982 0.999356 -0.023671 0.038000 0.015909 0.023247 0.999603 0.000000 0.000000 0.000000 0.000000 1.000000
0.999511 -0.026655 -0.016336 -0.000000 0.026317 0.999442 -0.020567 0.038000 0.016875 0.020127 0.999655 0.000000 0.000000 0.000000 0.000000 1.000000
0.999510 -0.026235 -0.017085 0.000000 0.025929 0.999503 -0.017937 0.038000 0.017547 0.017485 0.999693 0.000000 0.000000 0.000000 0.000000 1.000000
0.999479 -0.025610 -0.019647 -0.000000 0.025304 0.999557 -0.015683 0.038000 0.020040 0.015178 0.999684 -0.000000 0.000000 0.000000 0.000000 1.000000
0.999421 -0.024457 -0.023667 0.000000 0.024157 0.999625 -0.012892 0.038000 0.023973 0.012313 0.999637 0.000000 0.000000 0.000000 0.000000 1.000000
0.999342 -0.024623 -0.026638 -0.000000 0.024358 0.999651 -0.010244 0.038000 0.026881 0.009589 0.999593 -0.000000 0.000000 0.000000 0.000000 1.000000
0.999315 -0.026553 -0.025762 0.000000 0.026321 0.999610 -0.009300 0.038000 0.025999 0.008615 0.999625 0.000000 0.000000 0.000000 0.000000 1.000000
0.999400 -0.026870 -0.021848 -0.000000 0.026647 0.999591 -0.010418 0.038000 0.022119 0.009829 0.999707 0.000000 0.000000 0.000000 0.000000 1.000000
0.999548 -0.024912 -0.016831 0.000000 0.024701 0.999616 -0.012588 0.038000 0.017138 0.012167 0.999779 0.000000 0.000000 0.000000 0.000000 1.000000
0.999675 -0.022884 -0.011219 0.000000 0.022727 0.999645 -0.013911 0.038000 0.011533 0.013652 0.999840 -0.000000 0.000000 0.000000 0.000000 1.000000
0.999705 -0.023249 -0.006968 0.000000 0.023141 0.999616 -0.015230 0.038000 0.007319 0.015064 0.999860 0.000000 0.000000 0.000000 0.000000 1.000000
0.999687 -0.024418 -0.005360 -0.000000 0.024319 0.999547 -0.017710 0.038000 0.005790 0.017574 0.999829 0.000000 0.000000 0.000000 0.000000 1.000000
0.999714 -0.023660 -0.003447 -0.000000 0.023586 0.999521 -0.020039 0.038000 0.003919 0.019952 0.999793 0.000000 0.000000 0.000000 0.000000 1.000000
0.999738 -0.022859 0.001097 -0.000000 0.022877 0.999498 -0.021914 0.038000 -0.000596 0.021934 0.999759 0.000000 0.000000 0.000000 0.000000 1.000000
0.999695 -0.023762 0.006783 -0.000000 0.023918 0.999429 -0.023867 0.038000 -0.006212 0.024022 0.999692 0.000000 0.000000 0.000000 0.000000 1.000000
0.999612 -0.025306 0.011640 0.000000 0.025593 0.999356 -0.025157 0.038000 -0.010996 0.025445 0.999616 0.000000 0.000000 0.000000 0.000000 1.000000
0.999496 -0.027320 0.016167 -0.000000 0.027716 0.999309 -0.024773 0.038000 -0.015479 0.025208 0.999562 -0.000000 0.000000 0.000000 0.000000 1.000000
0.999340 -0.029193 0.021634 0.000000 0.029698 0.999285 -0.023414 0.038000 -0.020935 0.024041 0.999492 0.000000 0.000000 0.000000 0.000000 1.000000
0.999194 -0.031092 0.025401 0.000000 0.031675 0.999237 -0.022853 0.038000 -0.024671 0.023639 0.999416 0.000000 0.000000 0.000000 0.000000 1.000000
0.999208 -0.032525 0.022944 0.000000 0.033051 0.999190 -0.022953 0.038000 -0.022179 0.023693 0.999473 0.000000 0.000000 0.000000 0.000000 1.000000
0.999416 -0.031068 0.014259 0.000000 0.031379 0.999263 -0.022125 0.038000 -0.013561 0.022559 0.999654 0.000000 0.000000 0.000000 0.000000 1.000000
0.999611 -0.027455 0.004822 0.000000 0.027545 0.999427 -0.019671 0.038000 -0.004279 0.019796 0.999795 0.000000 0.000000 0.000000 0.000000 1.000000</float_array><technique_common><accessor source="#mixamorig_Spine2-Matrix-animation-output-transform-array" count="29" stride="16"><param type="float4x4"/></accessor></technique_common></source><source id="mixamorig_Spine2-Interpolations"><Name_array id="mixamorig_Spine2-Interpolations-array" count="29">
 LINEAR LINEAR LINEAR LINEAR LINEAR LINEAR LINEAR LINEAR LINEAR LINEAR LINEAR
LINEAR LINEAR LINEAR LINEAR LINEAR LINEAR LINEAR LINEAR LINEAR LINEAR LINEAR LINEAR
LINEAR LINEAR LINEAR LINEAR LINEAR LINEAR</Name_array><technique_common><accessor source="#mixamorig_Spine2-Interpolations-array" count="29"><param type="name"/></accessor></technique_common></source><sampler id="mixamorig_Spine2-Matrix-animation-transform"><input semantic="INPUT" source="#mixamorig_Spine2-Matrix-animation-input"/><input semantic="OUTPUT" source="#mixamorig_Spine2-Matrix-animation-output-transform"/><input semantic="INTERPOLATION" source="#mixamorig_Spine2-Interpolations"/></sampler><channel source="#mixamorig_Spine2-Matrix-animation-transform" target="mixamorig_Spine2/matrix"/></animation>
    <animation id="mixamorig_Neck-anim" name="mixamorig_Neck"><source id="mixamorig_Neck-Matrix-animation-input"><float_array id="mixamorig_Neck-Matrix-animation-input-array" count="29">

0.000000 0.033333 0.066667 0.100000 0.133333 0.166667 0.200000 0.233333 0.266667 0.300000 0.333333 0.366667 0.400000 0.433333 0.466667 0.500000
0.533333 0.566667 0.600000 0.633333 0.666667 0.700000 0.733333 0.766667 0.800000 0.833333 0.866667 0.900000 0.933333</float_array><technique_common><accessor source="#mixamorig_Neck-Matrix-animation-input-array" count="29"><param name="TIME" type="float"/></accessor></technique_common></source><source id="mixamorig_Neck-Matrix-animation-output-transform"><float_array id="mixamorig_Neck-Matrix-animation-output-transform-array" count="464">

0.999968 -0.007936 -0.001378 0.000000 0.007634 0.988335 -0.152101 0.042800 0.002569 0.152086 0.988364 0.000000 0.000000 0.000000 0.000000 1.000000
0.999826 -0.013753 -0.012567 0.000000 0.011713 0.988609 -0.150051 0.042800 0.014487 0.149878 0.988598 0.000000 0.000000 0.000000 0.000000 1.000000
0.999126 -0.023637 -0.034485 0.000000 0.018093 0.988052 -0.153054 0.042800 0.037691 0.152297 0.987616 0.000000 0.000000 0.000000 0.000000 1.000000
0.997432 -0.035069 -0.062443 -0.000000 0.024611 0.986648 -0.160995 0.042800 0.067255 0.159045 0.984978 0.000000 0.000000 0.000000 0.000000 1.000000
0.994654 -0.046043 -0.092427 0.000000 0.029651 0.984744 -0.171467 0.042800 0.098912 0.167810 0.980845 0.000000 0.000000 0.000000 0.000000 1.000000
0.991266 -0.054303 -0.120181 0.000000 0.031814 0.982842 -0.181686 0.042800 0.127985 0.176275 0.975985 0.000000 0.000000 0.000000 0.000000 1.000000
0.988205 -0.059309 -0.141182 -0.000000 0.031782 0.981312 -0.189779 0.042800 0.149800 0.183054 0.971623 0.000000 0.000000 0.000000 0.000000 1.000000
0.986460 -0.061378 -0.152086 0.000000 0.031055 0.980458 -0.194262 0.042800 0.161038 0.186909 0.969088 0.000000 0.000000 0.000000 0.000000 1.000000
0.985442 -0.062456 -0.158122 0.000000 0.030637 0.980088 -0.196185 0.042800 0.167227 0.188485 0.967734 0.000000 0.000000 0.000000 0.000000 1.000000
0.985081 -0.063193 -0.160071 0.000000 0.030943 0.980022 -0.196469 0.042800 0.169288 0.188585 0.967356 -0.000000 0.000000 0.000000 0.000000 1.000000
0.985346 -0.063356 -0.158365 0.000000 0.031407 0.979974 -0.196635 0.042800 0.167652 0.188780 0.967603 -0.000000 0.000000 0.000000 0.000000 1.000000
0.986008 -0.062910 -0.154374 0.000000 0.031582 0.979782 -0.197560 0.042800 0.163681 0.189921 0.968059 -0.000000 0.000000 0.000000 0.000000 1.000000
0.986837 -0.062316 -0.149228 -0.000000 0.031921 0.979680 -0.198010 0.042800 0.158535 0.190640 0.968774 0.000000 0.000000 0.000000 0.000000 1.000000
0.987871 -0.060415 -0.143039 0.000000 0.031553 0.980088 -0.196041 0.042800 0.152035 0.189150 0.970107 -0.000000 0.000000 0.000000 0.000000 1.000000
0.989250 -0.055081 -0.135463 -0.000000 0.028319 0.980973 -0.192068 0.042800 0.143465 0.186167 0.971988 -0.000000 0.000000 0.000000 0.000000 1.000000
0.990836 -0.048517 -0.126057 0.000000 0.024094 0.981781 -0.188485 0.042800 0.132905 0.183720 0.973952 0.000000 0.000000 0.000000 0.000000 1.000000
0.992427 -0.044358 -0.114550 0.000000 0.022393 0.982229 -0.186348 0.042800 0.120780 0.182371 0.975783 0.000000 0.000000 0.000000 0.000000 1.000000
0.993987 -0.040875 -0.101580 -0.000000 0.021660 0.982779 -0.183510 0.042800 0.107331 0.180206 0.977755 -0.000000 0.000000 0.000000 0.000000 1.000000
0.995480 -0.035186 -0.088215 0.000000 0.018938 0.983727 -0.178668 0.042800 0.093066 0.176189 0.979947 0.000000 0.000000 0.000000 0.000000 1.000000
0.996813 -0.027446 -0.074908 -0.000000 0.014137 0.984868 -0.172731 0.042800 0.078516 0.171121 0.982116 -0.000000 0.000000 0.000000 0.000000 1.000000
0.997889 -0.019636 -0.061904 -0.000000 0.009086 0.986032 -0.166311 0.042800 0.064305 0.165397 0.984128 0.000000 0.000000 0.000000 0.000000 1.000000
0.998692 -0.012463 -0.049579 -0.000000 0.004372 0.987097 -0.160061 0.042800 0.050934 0.159635 0.985861 -0.000000 0.000000 0.000000 0.000000 1.000000
0.999249 -0.006329 -0.038237 -0.000000 0.000303 0.987819 -0.155608 0.042800 0.038757 0.155480 0.987079 0.000000 0.000000 0.000000 0.000000 1.000000
0.999603 -0.001944 -0.028092 0.000000 -0.002388 0.988166 -0.153371 0.042800 0.028057 0.153377 0.987769 0.000000 0.000000 0.000000 0.000000 1.000000
0.999813 0.000756 -0.019349 0.000000 -0.003694 0.988333 -0.152265 0.042800 0.019008 0.152308 0.988150 0.000000 0.000000 0.000000 0.000000 1.000000
0.999923 0.001222 -0.012310 -0.000000 -0.003083 0.988332 -0.152285 0.042800 0.011980 0.152311 0.988260 0.000000 0.000000 0.000000 0.000000 1.000000
0.999973 -0.000940 -0.007277 0.000000 -0.000189 0.988132 -0.153609 0.042800 0.007335 0.153606 0.988105 0.000000 0.000000 0.000000 0.000000 1.000000
0.999985 -0.004407 -0.003331 0.000000 0.003840 0.988023 -0.154257 0.042800 0.003971 0.154242 0.988025 0.000000 0.000000 0.000000 0.000000 1.000000
0.999968 -0.007936 -0.001378 -0.000000 0.007634 0.988335 -0.152101 0.042800 0.002569 0.152086 0.988364 0.000000 0.000000 0.000000 0.000000 1.000000</float_array><technique_common><accessor source="#mixamorig_Neck-Matrix-animation-output-transform-array" count="29" stride="16"><param type="float4x4"/></accessor></technique_common></source><source id="mixamorig_Neck-Interpolations"><Name_array id="mixamorig_Neck-Interpolations-array" count="29">
 LINEAR LINEAR LINEAR LINEAR LINEAR LINEAR LINEAR LINEAR LINEAR LINEAR LINEAR
LINEAR LINEAR LINEAR LINEAR LINEAR LINEAR LINEAR LINEAR LINEAR LINEAR LINEAR LINEAR
LINEAR LINEAR LINEAR LINEAR LINEAR LINEAR</Name_array><technique_common><accessor source="#mixamorig_Neck-Interpolations-array" count="29"><param type="name"/></accessor></technique_common></source><sampler id="mixamorig_Neck-Matrix-animation-transform"><input semantic="INPUT" source="#mixamorig_Neck-Matrix-animation-input"/><input semantic="OUTPUT" source="#mixamorig_Neck-Matrix-animation-output-transform"/><input semantic="INTERPOLATION" source="#mixamorig_Neck-Interpolations"/></sampler><channel source="#mixamorig_Neck-Matrix-animation-transform" target="mixamorig_Neck/matrix"/></animation>
    <animation id="mixamorig_Head-anim" name="mixamorig_Head"><source id="mixamorig_Head-Matrix-animation-input"><float_array id="mixamorig_Head-Matrix-animation-input-array" count="29">

0.000000 0.033333 0.066667 0.100000 0.133333 0.166667 0.200000 0.233333 0.266667 0.300000 0.333333 0.366667 0.400000 0.433333 0.466667 0.500000
0.533333 0.566667 0.600000 0.633333 0.666667 0.700000 0.733333 0.766667 0.800000 0.833333 0.866667 0.900000 0.933333</float_array><technique_common><accessor source="#mixamorig_Head-Matrix-animation-input-array" count="29"><param name="TIME" type="float"/></accessor></technique_common></source><source id="mixamorig_Head-Matrix-animation-output-transform"><float_array id="mixamorig_Head-Matrix-animation-output-transform-array" count="464">

0.999711 0.001406 0.024009 0.000000 -0.004554 0.991295 0.131584 0.010600 -0.023615 -0.131656 0.991014 0.008600 0.000000 0.000000 0.000000 1.000000
0.999888 -0.007847 -0.012750 0.000000 0.009530 0.990415 0.137798 0.010600 0.011547 -0.137904 0.990378 0.008600 0.000000 0.000000 0.000000 1.000000
0.997258 -0.022344 -0.070547 0.000000 0.031691 0.990434 0.134298 0.010600 0.066872 -0.136165 0.988427 0.008600 0.000000 0.000000 0.000000 1.000000
0.989387 -0.039681 -0.139783 -0.000000 0.056901 0.990967 0.121439 0.010600 0.133702 -0.128104 0.982707 0.008600 0.000000 0.000000 0.000000 1.000000
0.975599 -0.056545 -0.212155 0.000000 0.078593 0.992179 0.096972 0.010600 0.205012 -0.111279 0.972413 0.008600 0.000000 0.000000 0.000000 1.000000
0.957218 -0.072721 -0.280082 -0.000000 0.094192 0.993497 0.063962 0.010600 0.273609 -0.087607 0.957843 0.008600 0.000000 0.000000 0.000000 1.000000
0.938109 -0.087651 -0.335064 0.000000 0.104466 0.993999 0.032457 0.010600 0.330208 -0.065451 0.941636 0.008600 0.000000 0.000000 0.000000 1.000000
0.923383 -0.100209 -0.370570 -0.000000 0.112367 0.993602 0.011307 0.010600 0.367066 -0.052081 0.928736 0.008600 0.000000 0.000000 0.000000 1.000000
0.911480 -0.112705 -0.395602 -0.000000 0.121292 0.992611 -0.003329 0.010600 0.393054 -0.044949 0.918416 0.008600 0.000000 0.000000 0.000000 1.000000
0.904115 -0.123746 -0.408978 -0.000000 0.130256 0.991408 -0.012020 0.010600 0.406951 -0.042404 0.912465 0.008600 0.000000 0.000000 0.000000 1.000000
0.901638 -0.131852 -0.411903 0.000000 0.137430 0.990379 -0.016196 0.010600 0.410076 -0.042005 0.911084 0.008600 0.000000 0.000000 0.000000 1.000000
0.901594 -0.137520 -0.410143 0.000000 0.142413 0.989630 -0.018764 0.010600 0.408470 -0.041492 0.911828 0.008600 0.000000 0.000000 0.000000 1.000000
0.902232 -0.141021 -0.407541 0.000000 0.145368 0.989166 -0.020458 0.010600 0.406011 -0.040785 0.912958 0.008600 0.000000 0.000000 0.000000 1.000000
0.903404 -0.142861 -0.404292 0.000000 0.147026 0.988912 -0.020908 0.010600 0.402796 -0.040553 0.914391 0.008600 0.000000 0.000000 0.000000 1.000000
0.904824 -0.144551 -0.400499 0.000000 0.149352 0.988594 -0.019390 0.010600 0.398733 -0.042271 0.916092 0.008600 0.000000 0.000000 0.000000 1.000000
0.907598 -0.147680 -0.393009 -0.000000 0.154649 0.987869 -0.014071 0.010600 0.390319 -0.048008 0.919427 0.008600 0.000000 0.000000 0.000000 1.000000
0.914376 -0.150754 -0.375753 0.000000 0.160793 0.986977 -0.004699 0.010600 0.371568 -0.056122 0.926708 0.008600 0.000000 0.000000 0.000000 1.000000
0.925841 -0.146969 -0.348164 0.000000 0.159322 0.987202 0.006946 0.010600 0.342687 -0.061901 0.937408 0.008600 0.000000 0.000000 0.000000 1.000000
0.939771 -0.133089 -0.314831 -0.000000 0.146231 0.989080 0.018383 0.010600 0.308946 -0.063314 0.948970 0.008600 0.000000 0.000000 0.000000 1.000000
0.953303 -0.114606 -0.279427 0.000000 0.127943 0.991331 0.029904 0.010600 0.273578 -0.064258 0.959701 0.008600 0.000000 0.000000 0.000000 1.000000
0.965299 -0.095560 -0.243034 0.000000 0.109894 0.992874 0.046093 0.010600 0.236898 -0.071202 0.968922 0.008600 0.000000 0.000000 0.000000 1.000000
0.975604 -0.076096 -0.205928 -0.000000 0.091533 0.993580 0.066490 0.010600 0.199546 -0.083717 0.976306 0.008600 0.000000 0.000000 0.000000 1.000000
0.983974 -0.057985 -0.168618 -0.000000 0.073124 0.993694 0.085003 0.010600 0.162626 -0.095971 0.982009 0.008600 0.000000 0.000000 0.000000 1.000000
0.990460 -0.042554 -0.131063 -0.000000 0.055725 0.993573 0.098528 0.010600 0.126028 -0.104891 0.986466 0.008600 0.000000 0.000000 0.000000 1.000000
0.995143 -0.029815 -0.093819 -0.000000 0.039935 0.993359 0.107905 0.010600 0.089979 -0.111128 0.989724 0.008600 0.000000 0.000000 0.000000 1.000000
0.998111 -0.020732 -0.057833 0.000000 0.027249 0.993076 0.114268 0.010600 0.055064 -0.115628 0.991765 0.008600 0.000000 0.000000 0.000000 1.000000
0.999603 -0.014256 -0.024310 -0.000000 0.017049 0.992767 0.118844 0.010600 0.022440 -0.119211 0.992615 0.008600 0.000000 0.000000 0.000000 1.000000
0.999962 -0.006764 0.005559 -0.000000 0.006016 0.992141 0.124982 0.010600 -0.006360 -0.124944 0.992143 0.008600 0.000000 0.000000 0.000000 1.000000
0.999711 0.001406 0.024009 -0.000000 -0.004554 0.991295 0.131584 0.010600 -0.023615 -0.131656 0.991014 0.008600 0.000000 0.000000 0.000000 1.000000</float_array><technique_common><accessor source="#mixamorig_Head-Matrix-animation-output-transform-array" count="29" stride="16"><param type="float4x4"/></accessor></technique_common></source><source id="mixamorig_Head-Interpolations"><Name_array id="mixamorig_Head-Interpolations-array" count="29">
 LINEAR LINEAR LINEAR LINEAR LINEAR LINEAR LINEAR LINEAR LINEAR LINEAR LINEAR
LINEAR LINEAR LINEAR LINEAR LINEAR LINEAR LINEAR LINEAR LINEAR LINEAR LINEAR LINEAR
LINEAR LINEAR LINEAR LINEAR LINEAR LINEAR</Name_array><technique_common><accessor source="#mixamorig_Head-Interpolations-array" count="29"><param type="name"/></accessor></technique_common></source><sampler id="mixamorig_Head-Matrix-animation-transform"><input semantic="INPUT" source="#mixamorig_Head-Matrix-animation-input"/><input semantic="OUTPUT" source="#mixamorig_Head-Matrix-animation-output-transform"/><input semantic="INTERPOLATION" source="#mixamorig_Head-Interpolations"/></sampler><channel source="#mixamorig_Head-Matrix-animation-transform" target="mixamorig_Head/matrix"/></animation>
    <animation id="mixamorig_LeftShoulder-anim" name="mixamorig_LeftShoulder"><source id="mixamorig_LeftShoulder-Matrix-animation-input"><float_array id="mixamorig_LeftShoulder-Matrix-animation-input-array" count="29">

0.000000 0.033333 0.066667 0.100000 0.133333 0.166667 0.200000 0.233333 0.266667 0.300000 0.333333 0.366667 0.400000 0.433333 0.466667 0.500000
0.533333 0.566667 0.600000 0.633333 0.666667 0.700000 0.733333 0.766667 0.800000 0.833333 0.866667 0.900000 0.933333</float_array><technique_common><accessor source="#mixamorig_LeftShoulder-Matrix-animation-input-array" count="29"><param name="TIME" type="float"/></accessor></technique_common></source><source id="mixamorig_LeftShoulder-Matrix-animation-output-transform"><float_array id="mixamorig_LeftShoulder-Matrix-animation-output-transform-array" count="464">

0.274924 0.839287 -0.469056 0.014000 0.018303 -0.492336 -0.870213 0.037300 -0.961292 0.230657 -0.150716 -0.000300 0.000000 0.000000 0.000000 1.000000
0.276145 0.840916 -0.465407 0.014000 0.019144 -0.488953 -0.872100 0.037300 -0.960925 0.231916 -0.151120 -0.000300 0.000000 0.000000 0.000000 1.000000
0.276923 0.842710 -0.461686 0.014000 0.020027 -0.485434 -0.874044 0.037300 -0.960683 0.232797 -0.151305 -0.000300 0.000000 0.000000 0.000000 1.000000
0.276484 0.844298 -0.459039 0.014000 0.020705 -0.482781 -0.875496 0.037300 -0.960796 0.232556 -0.150962 -0.000300 0.000000 0.000000 0.000000 1.000000
0.275039 0.845535 -0.457629 0.014000 0.021121 -0.481185 -0.876365 0.037300 -0.961201 0.231368 -0.150203 -0.000300 0.000000 0.000000 0.000000 1.000000
0.273748 0.845962 -0.457614 0.014000 0.021186 -0.480977 -0.876477 0.037300 -0.961568 0.230239 -0.149589 -0.000300 0.000000 0.000000 0.000000 1.000000
0.272906 0.845754 -0.458500 0.014000 0.021009 -0.481717 -0.876075 0.037300 -0.961811 0.229454 -0.149232 -0.000300 0.000000 0.000000 0.000000 1.000000
0.271841 0.845531 -0.459544 0.014000 0.020804 -0.482578 -0.875606 0.037300 -0.962117 0.228465 -0.148775 -0.000300 0.000000 0.000000 0.000000 1.000000
0.269580 0.845487 -0.460954 0.014000 0.020562 -0.483620 -0.875036 0.037300 -0.962758 0.226414 -0.147759 -0.000300 0.000000 0.000000 0.000000 1.000000
0.265287 0.845826 -0.462819 0.014000 0.020300 -0.484812 -0.874383 0.037300 -0.963956 0.222568 -0.145784 -0.000300 0.000000 0.000000 0.000000 1.000000
0.260852 0.846264 -0.464535 0.014000 0.020078 -0.485847 -0.873813 0.037300 -0.965170 0.218609 -0.143725 -0.000300 0.000000 0.000000 0.000000 1.000000
0.258441 0.846700 -0.465089 0.014000 0.020044 -0.486041 -0.873706 0.037300 -0.965819 0.216479 -0.142584 -0.000300 0.000000 0.000000 0.000000 1.000000
