<?xml version="1.0" encoding="utf-8"?>
<COLLADA xmlns="http://www.collada.org/2005/11/COLLADASchema" version="1.4.1">
  <asset><contributor><author>Mixamo</author><authoring_tool>COLLADA Mixamo exporter</authoring_tool><comments></comments></contributor><created>2014-08-29T16:11:01Z</created><modified>2014-08-29T16:11:01Z</modified><revision></revision><title></title><unit meter="0.025400"/><up_axis>Y_UP</up_axis></asset>
  <library_animations>
    <animation id="mixamorig_Hips-anim" name="mixamorig_Hips"><source id="mixamorig_Hips-Matrix-animation-input"><float_array id="mixamorig_Hips-Matrix-animation-input-array" count="22">

0.000000 0.033333 0.066667 0.100000 0.133333 0.166667 0.200000 0.233333 0.266667 0.300000 0.333333 0.366667 0.400000 0.433333 0.466667 0.500000
0.533333 0.566667 0.600000 0.633333 0.666667 0.700000</float_array><technique_common><accessor source="#mixamorig_Hips-Matrix-animation-input-array" count="22"><param name="TIME" type="float"/></accessor></technique_common></source><source id="mixamorig_Hips-Matrix-animation-output-transform"><float_array id="mixamorig_Hips-Matrix-animation-output-transform-array" count="352">

0.996739 0.078072 -0.020406 0.000743 -0.080558 0.977396 -0.195467 0.328443 0.004684 0.196474 0.980498 -0.002453 0.000000 0.000000 0.000000 1.000000
0.999515 0.012390 -0.028581 0.001579 -0.016936 0.986186 -0.164774 0.330849 0.026145 0.165178 0.985917 0.051097 0.000000 0.000000 0.000000 1.000000
0.996829 -0.074937 -0.026783 0.001502 0.069140 0.982180 -0.174762 0.338184 0.039402 0.172356 0.984246 0.105940 0.000000 0.000000 0.000000 1.000000
0.983459 -0.181117 -0.002364 0.001105 0.177715 0.967343 -0.180736 0.344073 0.035021 0.177327 0.983529 0.160896 0.000000 0.000000 0.000000 1.000000
0.979812 -0.197342 0.032013 0.000705 0.199837 0.962084 -0.185635 0.350907 0.005834 0.188285 0.982097 0.215296 0.000000 0.000000 0.000000 1.000000
0.989023 -0.142332 0.039690 0.000290 0.147329 0.970434 -0.191188 0.353154 -0.011304 0.194937 0.980751 0.268485 0.000000 0.000000 0.000000 1.000000
0.994797 -0.095992 0.034122 0.000055 0.100131 0.983012 -0.153819 0.352677 -0.018777 0.156435 0.987510 0.320047 0.000000 0.000000 0.000000 1.000000
0.996754 -0.036736 0.071636 0.000090 0.046075 0.989989 -0.133415 0.348579 -0.066018 0.136282 0.988468 0.373342 0.000000 0.000000 0.000000 1.000000
0.995228 -0.017306 0.096031 -0.000423 0.030767 0.989600 -0.140517 0.340223 -0.092601 0.142802 0.985410 0.427806 0.000000 0.000000 0.000000 1.000000
0.995732 -0.019620 0.090182 -0.001256 0.035071 0.984281 -0.173091 0.334322 -0.085368 0.175516 0.980768 0.482857 0.000000 0.000000 0.000000 1.000000
0.997177 -0.020750 0.072167 -0.003970 0.033704 0.982496 -0.183212 0.327821 -0.067102 0.185127 0.980421 0.536838 0.000000 0.000000 0.000000 1.000000
0.997002 0.029151 0.071678 -0.007091 -0.015667 0.983185 -0.181938 0.327553 -0.075776 0.180270 0.980694 0.590118 0.000000 0.000000 0.000000 1.000000
0.993353 0.081584 0.081202 -0.007158 -0.065227 0.980211 -0.186898 0.333863 -0.094843 0.180359 0.979018 0.644273 0.000000 0.000000 0.000000 1.000000
0.993087 0.111514 0.036650 -0.006157 -0.102914 0.977324 -0.185056 0.342652 -0.056455 0.180005 0.982044 0.698522 0.000000 0.000000 0.000000 1.000000
0.991979 0.126263 0.005927 -0.004096 -0.123145 0.975927 -0.180003 0.349407 -0.028512 0.177829 0.983648 0.752521 0.000000 0.000000 0.000000 1.000000
0.998048 0.059647 0.018513 -0.003800 -0.055753 0.984504 -0.166263 0.353701 -0.028144 0.164906 0.985908 0.805746 0.000000 0.000000 0.000000 1.000000
0.998345 -0.054257 0.019065 -0.004532 0.056404 0.988465 -0.140556 0.355212 -0.011219 0.141399 0.989889 0.858526 0.000000 0.000000 0.000000 1.000000
0.998239 -0.059275 0.002310 -0.004519 0.059129 0.991150 -0.118854 0.353060 0.004755 0.118781 0.992909 0.911375 0.000000 0.000000 0.000000 1.000000
0.999096 -0.025590 -0.033941 -0.003350 0.021544 0.993175 -0.114628 0.347746 0.036642 0.113793 0.992829 0.965252 0.000000 0.000000 0.000000 1.000000
0.998391 0.039191 -0.040976 -0.001117 -0.044089 0.990996 -0.126423 0.339977 0.035653 0.128026 0.991130 1.019271 0.000000 0.000000 0.000000 1.000000
0.996633 0.078835 -0.022550 -0.000208 -0.081524 0.982162 -0.169448 0.332488 0.008790 0.170715 0.985281 1.073499 0.000000 0.000000 0.000000 1.000000
0.996739 0.078071 -0.020406 0.000743 -0.080558 0.977396 -0.195467 0.328443 0.004684 0.196474 0.980498 1.127408 0.000000 0.000000 0.000000 1.000000</float_array><technique_common><accessor source="#mixamorig_Hips-Matrix-animation-output-transform-array" count="22" stride="16"><param type="float4x4"/></accessor></technique_common></source><source id="mixamorig_Hips-Interpolations"><Name_array id="mixamorig_Hips-Interpolations-array" count="22">
 LINEAR LINEAR LINEAR LINEAR LINEAR LINEAR LINEAR LINEAR LINEAR LINEAR LINEAR
LINEAR LINEAR LINEAR LINEAR LINEAR LINEAR LINEAR LINEAR LINEAR LINEAR LINEAR</Name_array><technique_common><accessor source="#mixamorig_Hips-Interpolations-array" count="22"><param type="name"/></accessor></technique_common></source><sampler id="mixamorig_Hips-Matrix-animation-transform"><input semantic="INPUT" source="#mixamorig_Hips-Matrix-animation-input"/><input semantic="OUTPUT" source="#mixamorig_Hips-Matrix-animation-output-transform"/><input semantic="INTERPOLATION" source="#mixamorig_Hips-Interpolations"/></sampler><channel source="#mixamorig_Hips-Matrix-animation-transform" target="mixamorig_Hips/matrix"/></animation>
    <animation id="mixamorig_Spine-anim" name="mixamorig_Spine"><source id="mixamorig_Spine-Matrix-animation-input"><float_array id="mixamorig_Spine-Matrix-animation-input-array" count="22">

0.000000 0.033333 0.066667 0.100000 0.133333 0.166667 0.200000 0.233333 0.266667 0.300000 0.333333 0.366667 0.400000 0.433333 0.466667 0.500000
0.533333 0.566667 0.600000 0.633333 0.666667 0.700000</float_array><technique_common><accessor source="#mixamorig_Spine-Matrix-animation-input-array" count="22"><param name="TIME" type="float"/></accessor></technique_common></source><source id="mixamorig_Spine-Matrix-animation-output-transform"><float_array id="mixamorig_Spine-Matrix-animation-output-transform-array" count="352">

0.993016 -0.116306 0.019814 0.000000 0.117852 0.985692 -0.120507 0.028500 -0.005514 0.122001 0.992515 -0.001600 0.000000 0.000000 0.000000 1.000000
0.993316 -0.037635 0.109116 0.000000 0.051864 0.990071 -0.130649 0.028500 -0.103116 0.135435 0.985406 -0.001600 0.000000 0.000000 0.000000 1.000000
0.984004 0.066998 0.165067 0.000000 -0.047803 0.991906 -0.117632 0.028500 -0.171612 0.107860 0.979242 -0.001600 0.000000 0.000000 0.000000 1.000000
0.958824 0.199797 0.201835 -0.000000 -0.177634 0.976417 -0.122703 0.028500 -0.221591 0.081798 0.971703 -0.001600 0.000000 0.000000 0.000000 1.000000
0.942205 0.223952 0.249189 0.000000 -0.203106 0.973317 -0.106783 0.028500 -0.266454 0.049999 0.962550 -0.001600 0.000000 0.000000 0.000000 1.000000
0.943754 0.170126 0.283524 0.000000 -0.154834 0.985038 -0.075673 0.028500 -0.292156 0.027517 0.955975 -0.001600 0.000000 0.000000 0.000000 1.000000
0.957925 0.119915 0.260767 0.000000 -0.103922 0.991804 -0.074331 0.028500 -0.267543 0.044104 0.962536 -0.001600 0.000000 0.000000 0.000000 1.000000
0.984615 0.045375 0.168742 0.000000 -0.035042 0.997353 -0.063718 0.028500 -0.171187 0.056824 0.983599 -0.001600 0.000000 0.000000 0.000000 1.000000
0.996864 0.019678 0.076648 -0.000000 -0.015129 0.998115 -0.059476 0.028500 -0.077674 0.058130 0.995283 -0.001600 0.000000 0.000000 0.000000 1.000000
0.999725 0.023426 0.001194 0.000000 -0.023276 0.997050 -0.073142 0.028500 -0.002904 0.073094 0.997321 -0.001600 0.000000 0.000000 0.000000 1.000000
0.997084 0.040504 -0.064675 0.000000 -0.046509 0.994464 -0.094222 0.028500 0.060501 0.096955 0.993448 -0.001600 0.000000 0.000000 0.000000 1.000000
0.991156 -0.008094 -0.132455 0.000000 -0.006461 0.994011 -0.109091 0.028500 0.132545 0.108982 0.985167 -0.001600 0.000000 0.000000 0.000000 1.000000
0.975961 -0.065195 -0.207964 0.000000 0.040179 0.991677 -0.122323 0.028500 0.214208 0.111027 0.970458 -0.001600 0.000000 0.000000 0.000000 1.000000
0.960604 -0.101009 -0.258917 0.000000 0.071263 0.989990 -0.121823 0.028500 0.268631 0.098573 0.958186 -0.001600 0.000000 0.000000 0.000000 1.000000
0.934083 -0.138156 -0.329245 -0.000000 0.101952 0.986919 -0.124883 0.028500 0.342192 0.083084 0.935950 -0.001600 0.000000 0.000000 0.000000 1.000000
0.914394 -0.064098 -0.399719 0.000000 0.028821 0.995187 -0.093656 0.028500 0.403799 0.074118 0.911840 -0.001600 0.000000 0.000000 0.000000 1.000000
0.905241 0.074334 -0.418345 0.000000 -0.098985 0.994382 -0.037503 0.028500 0.413207 0.075359 0.907514 -0.001600 0.000000 0.000000 0.000000 1.000000
0.920710 0.074940 -0.382985 -0.000000 -0.106753 0.992321 -0.062468 0.028500 0.375362 0.098400 0.921640 -0.001600 0.000000 0.000000 0.000000 1.000000
0.950710 0.032780 -0.308344 0.000000 -0.066251 0.992908 -0.098714 0.028500 0.302921 0.114277 0.946139 -0.001600 0.000000 0.000000 0.000000 1.000000
0.977876 -0.062565 -0.199611 -0.000000 0.037374 0.991126 -0.127563 0.028500 0.205821 0.117280 0.971537 -0.001600 0.000000 0.000000 0.000000 1.000000
0.987888 -0.121297 -0.096770 0.000000 0.108660 0.985982 -0.126619 0.028500 0.110772 0.114571 0.987220 -0.001600 0.000000 0.000000 0.000000 1.000000
0.993016 -0.116305 0.019814 0.000000 0.117852 0.985692 -0.120507 0.028500 -0.005514 0.122001 0.992515 -0.001600 0.000000 0.000000 0.000000 1.000000</float_array><technique_common><accessor source="#mixamorig_Spine-Matrix-animation-output-transform-array" count="22" stride="16"><param type="float4x4"/></accessor></technique_common></source><source id="mixamorig_Spine-Interpolations"><Name_array id="mixamorig_Spine-Interpolations-array" count="22">
 LINEAR LINEAR LINEAR LINEAR LINEAR LINEAR LINEAR LINEAR LINEAR LINEAR LINEAR
LINEAR LINEAR LINEAR LINEAR LINEAR LINEAR LINEAR LINEAR LINEAR LINEAR LINEAR</Name_array><technique_common><accessor source="#mixamorig_Spine-Interpolations-array" count="22"><param type="name"/></accessor></technique_common></source><sampler id="mixamorig_Spine-Matrix-animation-transform"><input semantic="INPUT" source="#mixamorig_Spine-Matrix-animation-input"/><input semantic="OUTPUT" source="#mixamorig_Spine-Matrix-animation-output-transform"/><input semantic="INTERPOLATION" source="#mixamorig_Spine-Interpolations"/></sampler><channel source="#mixamorig_Spine-Matrix-animation-transform" target="mixamorig_Spine/matrix"/></animation>
    <animation id="mixamorig_Spine1-anim" name="mixamorig_Spine1"><source id="mixamorig_Spine1-Matrix-animation-input"><float_array id="mixamorig_Spine1-Matrix-animation-input-array" count="22">

0.000000 0.033333 0.066667 0.100000 0.133333 0.166667 0.200000 0.233333 0.266667 0.300000 0.333333 0.366667 0.400000 0.433333 0.466667 0.500000
0.533333 0.566667 0.600000 0.633333 0.666667 0.700000</float_array><technique_common><accessor source="#mixamorig_Spine1-Matrix-animation-input-array" count="22"><param name="TIME" type="float"/></accessor></technique_common></source><source id="mixamorig_Spine1-Matrix-animation-output-transform"><float_array id="mixamorig_Spine1-Matrix-animation-output-transform-array" count="352">

0.999960 -0.008817 -0.001303 0.000000 0.008765 0.999334 -0.035409 0.033300 0.001614 0.035397 0.999372 0.000000 0.000000 0.000000 0.000000 1.000000
0.998894 -0.005782 0.046664 0.000000 0.007775 0.999061 -0.042622 0.033300 -0.046374 0.042937 0.998001 -0.000000 0.000000 0.000000 0.000000 1.000000
0.997285 -0.001753 0.073618 0.000000 0.004067 0.999502 -0.031286 0.033300 -0.073527 0.031500 0.996796 0.000000 0.000000 0.000000 0.000000 1.000000
0.996321 0.003921 0.085611 0.000000 -0.002123 0.999776 -0.021081 0.033300 -0.085674 0.020822 0.996106 -0.000000 0.000000 0.000000 0.000000 1.000000
0.995111 0.008159 0.098423 0.000000 -0.007370 0.999938 -0.008376 0.033300 -0.098485 0.007610 0.995109 0.000000 0.000000 0.000000 0.000000 1.000000
0.994503 0.001847 0.104688 0.000000 -0.002178 0.999993 0.003045 0.033300 -0.104681 -0.003256 0.994500 0.000000 0.000000 0.000000 0.000000 1.000000
0.995413 0.000916 0.095663 0.000000 -0.000709 0.999997 -0.002202 0.033300 -0.095664 0.002124 0.995411 0.000000 0.000000 0.000000 0.000000 1.000000
0.997215 0.007275 0.074231 0.000000 -0.006894 0.999962 -0.005379 0.033300 -0.074268 0.004853 0.997227 0.000000 0.000000 0.000000 0.000000 1.000000
0.998581 0.015825 0.050851 0.000000 -0.015622 0.999868 -0.004391 0.033300 -0.050914 0.003590 0.998697 0.000000 0.000000 0.000000 0.000000 1.000000
0.999557 0.023341 0.018481 0.000000 -0.023233 0.999712 -0.006048 0.033300 -0.018617 0.005615 0.999811 0.000000 0.000000 0.000000 0.000000 1.000000
0.999545 0.024937 -0.016941 0.000000 -0.025098 0.999641 -0.009344 0.033300 0.016702 0.009765 0.999813 0.000000 0.000000 0.000000 0.000000 1.000000
0.998369 0.018376 -0.054058 -0.000000 -0.019143 0.999723 -0.013699 0.033300 0.053791 0.014712 0.998444 -0.000000 0.000000 0.000000 0.000000 1.000000
0.995126 0.010181 -0.098088 0.000000 -0.011871 0.999791 -0.016666 0.033300 0.097898 0.017749 0.995038 -0.000000 0.000000 0.000000 0.000000 1.000000
0.991928 0.003380 -0.126755 0.000000 -0.004989 0.999911 -0.012381 0.033300 0.126702 0.012914 0.991857 0.000000 0.000000 0.000000 0.000000 1.000000
0.989353 0.003155 -0.145504 0.000000 -0.004320 0.999961 -0.007686 0.033300 0.145474 0.008233 0.989328 0.000000 0.000000 0.000000 0.000000 1.000000
0.988340 0.006196 -0.152134 0.000000 -0.007299 0.999951 -0.006690 0.033300 0.152085 0.007723 0.988337 0.000000 0.000000 0.000000 0.000000 1.000000
0.987483 0.012892 -0.157198 -0.000000 -0.014113 0.999878 -0.006649 0.033300 0.157093 0.008784 0.987545 0.000000 0.000000 0.000000 0.000000 1.000000
0.988254 0.020858 -0.151390 0.000000 -0.023449 0.999607 -0.015349 0.033300 0.151011 0.018718 0.988355 0.000000 0.000000 0.000000 0.000000 1.000000
0.991430 0.010185 -0.130244 0.000000 -0.013818 0.999539 -0.027021 0.033300 0.129909 0.028589 0.991114 0.000000 0.000000 0.000000 0.000000 1.000000
0.995155 -0.000367 -0.098316 0.000000 -0.002631 0.999535 -0.030372 0.033300 0.098281 0.030483 0.994692 0.000000 0.000000 0.000000 0.000000 1.000000
0.998329 -0.003568 -0.057677 -0.000000 0.001782 0.999518 -0.030990 0.033300 0.057760 0.030836 0.997854 0.000000 0.000000 0.000000 0.000000 1.000000
0.999960 -0.008817 -0.001303 0.000000 0.008765 0.999334 -0.035409 0.033300 0.001614 0.035397 0.999372 -0.000000 0.000000 0.000000 0.000000 1.000000</float_array><technique_common><accessor source="#mixamorig_Spine1-Matrix-animation-output-transform-array" count="22" stride="16"><param type="float4x4"/></accessor></technique_common></source><source id="mixamorig_Spine1-Interpolations"><Name_array id="mixamorig_Spine1-Interpolations-array" count="22">
 LINEAR LINEAR LINEAR LINEAR LINEAR LINEAR LINEAR LINEAR LINEAR LINEAR LINEAR
LINEAR LINEAR LINEAR LINEAR LINEAR LINEAR LINEAR LINEAR LINEAR LINEAR LINEAR</Name_array><technique_common><accessor source="#mixamorig_Spine1-Interpolations-array" count="22"><param type="name"/></accessor></technique_common></source><sampler id="mixamorig_Spine1-Matrix-animation-transform"><input semantic="INPUT" source="#mixamorig_Spine1-Matrix-animation-input"/><input semantic="OUTPUT" source="#mixamorig_Spine1-Matrix-animation-output-transform"/><input semantic="INTERPOLATION" source="#mixamorig_Spine1-Interpolations"/></sampler><channel source="#mixamorig_Spine1-Matrix-animation-transform" target="mixamorig_Spine1/matrix"/></animation>
    <animation id="mixamorig_Spine2-anim" name="mixamorig_Spine2"><source id="mixamorig_Spine2-Matrix-animation-input"><float_array id="mixamorig_Spine2-Matrix-animation-input-array" count="22">

0.000000 0.033333 0.066667 0.100000 0.133333 0.166667 0.200000 0.233333 0.266667 0.300000 0.333333 0.366667 0.400000 0.433333 0.466667 0.500000
0.533333 0.566667 0.600000 0.633333 0.666667 0.700000</float_array><technique_common><accessor source="#mixamorig_Spine2-Matrix-animation-input-array" count="22"><param name="TIME" type="float"/></accessor></technique_common></source><source id="mixamorig_Spine2-Matrix-animation-output-transform"><float_array id="mixamorig_Spine2-Matrix-animation-output-transform-array" count="352">

0.999994 -0.003201 -0.001093 0.000000 0.003094 0.996209 -0.086934 0.038000 0.001367 0.086930 0.996214 -0.000000 0.000000 0.000000 0.000000 1.000000
0.998873 0.000210 0.047470 0.000000 0.004254 0.995572 -0.093905 0.038000 -0.047279 0.094001 0.994449 0.000000 0.000000 0.000000 0.000000 1.000000
0.997187 0.004417 0.074824 0.000000 0.001697 0.996677 -0.081443 0.038000 -0.074935 0.081341 0.993865 -0.000000 0.000000 0.000000 0.000000 1.000000
0.996159 0.010488 0.086929 -0.000000 -0.004420 0.997558 -0.069704 0.038000 -0.087448 0.069052 0.993773 0.000000 0.000000 0.000000 0.000000 1.000000
0.994934 0.015367 0.099352 -0.000000 -0.009817 0.998376 -0.056112 0.038000 -0.100053 0.054853 0.993469 -0.000000 0.000000 0.000000 0.000000 1.000000
0.994388 0.009197 0.105390 -0.000000 -0.004475 0.998979 -0.044956 0.038000 -0.105696 0.044232 0.993414 0.000000 0.000000 0.000000 0.000000 1.000000
0.995305 0.008537 0.096407 0.000000 -0.003588 0.998672 -0.051395 0.038000 -0.096717 0.050808 0.994014 0.000000 0.000000 0.000000 0.000000 1.000000
0.997089 0.014811 0.074793 0.000000 -0.010633 0.998377 -0.055950 0.038000 -0.075500 0.054991 0.995628 0.000000 0.000000 0.000000 0.000000 1.000000
0.998431 0.022836 0.051123 0.000000 -0.019990 0.998258 -0.055508 0.038000 -0.052302 0.054399 0.997149 0.000000 0.000000 0.000000 0.000000 1.000000
0.999396 0.029423 0.018502 0.000000 -0.028320 0.997957 -0.057277 0.038000 -0.020149 0.056719 0.998187 0.000000 0.000000 0.000000 0.000000 1.000000
0.999401 0.029846 -0.017507 0.000000 -0.030857 0.997681 -0.060660 0.038000 0.015656 0.061164 0.998005 -0.000000 0.000000 0.000000 0.000000 1.000000
0.998278 0.021615 -0.054531 0.000000 -0.025142 0.997579 -0.064832 0.038000 0.052998 0.066092 0.996405 -0.000000 0.000000 0.000000 0.000000 1.000000
0.995093 0.012585 -0.098135 0.000000 -0.019242 0.997555 -0.067179 0.038000 0.097050 0.068738 0.992903 -0.000000 0.000000 0.000000 0.000000 1.000000
0.991917 0.005248 -0.126784 0.000000 -0.013172 0.998005 -0.061738 0.038000 0.126207 0.062909 0.990007 0.000000 0.000000 0.000000 0.000000 1.000000
0.989318 0.005368 -0.145672 0.000000 -0.013531 0.998389 -0.055101 0.038000 0.145141 0.056483 0.987797 0.000000 0.000000 0.000000 0.000000 1.000000
0.988359 0.008892 -0.151876 -0.000000 -0.017304 0.998383 -0.054156 0.038000 0.151149 0.056154 0.986915 -0.000000 0.000000 0.000000 0.000000 1.000000
0.987502 0.016229 -0.156770 0.000000 -0.025137 0.998169 -0.055010 0.038000 0.155591 0.058264 0.986102 0.000000 0.000000 0.000000 0.000000 1.000000
0.988177 0.024931 -0.151279 0.000000 -0.034848 0.997388 -0.063261 0.038000 0.149307 0.067784 0.986465 -0.000000 0.000000 0.000000 0.000000 1.000000
0.991366 0.014703 -0.130295 0.000000 -0.024683 0.996854 -0.075312 0.038000 0.128778 0.077878 0.988611 -0.000000 0.000000 0.000000 0.000000 1.000000
0.995136 0.004467 -0.098408 0.000000 -0.012334 0.996759 -0.079489 0.038000 0.097734 0.080316 0.991966 0.000000 0.000000 0.000000 0.000000 1.000000
0.998328 0.001885 -0.057766 0.000000 -0.006588 0.996665 -0.081330 0.038000 0.057420 0.081575 0.995012 0.000000 0.000000 0.000000 0.000000 1.000000
0.999994 -0.003201 -0.001093 0.000000 0.003094 0.996209 -0.086934 0.038000 0.001367 0.086930 0.996214 0.000000 0.000000 0.000000 0.000000 1.000000</float_array><technique_common><accessor source="#mixamorig_Spine2-Matrix-animation-output-transform-array" count="22" stride="16"><param type="float4x4"/></accessor></technique_common></source><source id="mixamorig_Spine2-Interpolations"><Name_array id="mixamorig_Spine2-Interpolations-array" count="22">
 LINEAR LINEAR LINEAR LINEAR LINEAR LINEAR LINEAR LINEAR LINEAR LINEAR LINEAR
LINEAR LINEAR LINEAR LINEAR LINEAR LINEAR LINEAR LINEAR LINEAR LINEAR LINEAR</Name_array><technique_common><accessor source="#mixamorig_Spine2-Interpolations-array" count="22"><param type="name"/></accessor></technique_common></source><sampler id="mixamorig_Spine2-Matrix-animation-transform"><input semantic="INPUT" source="#mixamorig_Spine2-Matrix-animation-input"/><input semantic="OUTPUT" source="#mixamorig_Spine2-Matrix-animation-output-transform"/><input semantic="INTERPOLATION" source="#mixamorig_Spine2-Interpolations"/></sampler><channel source="#mixamorig_Spine2-Matrix-animation-transform" target="mixamorig_Spine2/matrix"/></animation>
    <animation id="mixamorig_Neck-anim" name="mixamorig_Neck"><source id="mixamorig_Neck-Matrix-animation-input"><float_array id="mixamorig_Neck-Matrix-animation-input-array" count="22">

0.000000 0.033333 0.066667 0.100000 0.133333 0.166667 0.200000 0.233333 0.266667 0.300000 0.333333 0.366667 0.400000 0.433333 0.466667 0.500000
0.533333 0.566667 0.600000 0.633333 0.666667 0.700000</float_array><technique_common><accessor source="#mixamorig_Neck-Matrix-animation-input-array" count="22"><param name="TIME" type="float"/></accessor></technique_common></source><source id="mixamorig_Neck-Matrix-animation-output-transform"><float_array id="mixamorig_Neck-Matrix-animation-output-transform-array" count="352">

0.999970 0.004850 -0.005963 -0.000000 -0.004775 0.999910 0.012546 0.042800 0.006024 -0.012518 0.999904 -0.000000 0.000000 0.000000 0.000000 1.000000
0.999451 0.001539 -0.033081 0.000000 -0.001352 0.999983 0.005684 0.042800 0.033090 -0.005636 0.999436 -0.000000 0.000000 0.000000 0.000000 1.000000
0.998808 0.024033 -0.042475 -0.000000 -0.024356 0.999678 -0.007087 0.042800 0.042291 0.008114 0.999072 -0.000000 0.000000 0.000000 0.000000 1.000000
0.998440 0.001062 -0.055820 -0.000000 -0.001495 0.999969 -0.007729 0.042800 0.055810 0.007800 0.998411 -0.000000 0.000000 0.000000 0.000000 1.000000
0.997804 0.000383 -0.066231 -0.000000 -0.001565 0.999840 -0.017792 0.042800 0.066214 0.017856 0.997646 0.000000 0.000000 0.000000 0.000000 1.000000
0.997510 0.027251 -0.065054 -0.000000 -0.029514 0.998983 -0.034082 0.042800 0.064059 0.035917 0.997300 0.000000 0.000000 0.000000 0.000000 1.000000
0.997994 0.017706 -0.060787 0.000000 -0.019672 0.999298 -0.031888 0.042800 0.060179 0.033020 0.997641 0.000000 0.000000 0.000000 0.000000 1.000000
0.998711 0.015572 -0.048306 -0.000000 -0.017052 0.999393 -0.030371 0.042800 0.047804 0.031155 0.998371 0.000000 0.000000 0.000000 0.000000 1.000000
0.999365 0.012953 -0.033180 0.000000 -0.013779 0.999597 -0.024809 0.042800 0.032845 0.025250 0.999141 0.000000 0.000000 0.000000 0.000000 1.000000
0.999843 0.001727 -0.017623 0.000000 -0.001760 0.999997 -0.001839 0.042800 0.017620 0.001870 0.999843 0.000000 0.000000 0.000000 0.000000 1.000000
0.999684 -0.025064 -0.001698 -0.000000 0.025078 0.999647 0.008726 0.042800 0.001479 -0.008766 0.999960 0.000000 0.000000 0.000000 0.000000 1.000000
0.999763 -0.007244 0.020518 0.000000 0.007331 0.999964 -0.004203 0.042800 -0.020487 0.004352 0.999781 0.000000 0.000000 0.000000 0.000000 1.000000
0.998745 -0.035298 0.035540 0.000000 0.035752 0.999286 -0.012225 0.042800 -0.035083 0.013481 0.999293 0.000000 0.000000 0.000000 0.000000 1.000000
0.997978 -0.027544 0.057276 0.000000 0.028114 0.999563 -0.009178 0.042800 -0.056998 0.010770 0.998316 -0.000000 0.000000 0.000000 0.000000 1.000000
0.996738 0.001946 0.080686 0.000000 -0.002045 0.999997 0.001144 0.042800 -0.080683 -0.001306 0.996739 0.000000 0.000000 0.000000 0.000000 1.000000
0.996210 -0.012509 0.086080 0.000000 0.013445 0.999856 -0.010310 0.042800 -0.085939 0.011429 0.996235 0.000000 0.000000 0.000000 0.000000 1.000000
0.995533 -0.045314 0.082830 0.000000 0.048192 0.998290 -0.033080 0.042800 -0.081190 0.036924 0.996014 0.000000 0.000000 0.000000 0.000000 1.000000
0.995363 -0.055968 0.078237 0.000000 0.058524 0.997812 -0.030758 0.042800 -0.076344 0.035194 0.996460 0.000000 0.000000 0.000000 0.000000 1.000000
0.996859 -0.033754 0.071638 0.000000 0.034505 0.999361 -0.009275 0.042800 -0.071279 0.011718 0.997388 0.000000 0.000000 0.000000 0.000000 1.000000
0.998311 -0.000334 0.058087 0.000000 -0.000190 0.999959 0.009026 0.042800 -0.058088 -0.009022 0.998271 0.000000 0.000000 0.000000 0.000000 1.000000
0.999499 0.008562 0.030467 0.000000 -0.008915 0.999894 0.011469 0.042800 -0.030366 -0.011735 0.999470 0.000000 0.000000 0.000000 0.000000 1.000000
0.999970 0.004850 -0.005963 0.000000 -0.004775 0.999910 0.012546 0.042800 0.006024 -0.012518 0.999904 0.000000 0.000000 0.000000 0.000000 1.000000</float_array><technique_common><accessor source="#mixamorig_Neck-Matrix-animation-output-transform-array" count="22" stride="16"><param type="float4x4"/></accessor></technique_common></source><source id="mixamorig_Neck-Interpolations"><Name_array id="mixamorig_Neck-Interpolations-array" count="22">
 LINEAR LINEAR LINEAR LINEAR LINEAR LINEAR LINEAR LINEAR LINEAR LINEAR LINEAR
LINEAR LINEAR LINEAR LINEAR LINEAR LINEAR LINEAR LINEAR LINEAR LINEAR LINEAR</Name_array><technique_common><accessor source="#mixamorig_Neck-Interpolations-array" count="22"><param type="name"/></accessor></technique_common></source><sampler id="mixamorig_Neck-Matrix-animation-transform"><input semantic="INPUT" source="#mixamorig_Neck-Matrix-animation-input"/><input semantic="OUTPUT" source="#mixamorig_Neck-Matrix-animation-output-transform"/><input semantic="INTERPOLATION" source="#mixamorig_Neck-Interpolations"/></sampler><channel source="#mixamorig_Neck-Matrix-animation-transform" target="mixamorig_Neck/matrix"/></animation>
    <animation id="mixamorig_Head-anim" name="mixamorig_Head"><source id="mixamorig_Head-Matrix-animation-input"><float_array id="mixamorig_Head-Matrix-animation-input-array" count="22">

0.000000 0.033333 0.066667 0.100000 0.133333 0.166667 0.200000 0.233333 0.266667 0.300000 0.333333 0.366667 0.400000 0.433333 0.466667 0.500000
0.533333 0.566667 0.600000 0.633333 0.666667 0.700000</float_array><technique_common><accessor source="#mixamorig_Head-Matrix-animation-input-array" count="22"><param name="TIME" type="float"/></accessor></technique_common></source><source id="mixamorig_Head-Matrix-animation-output-transform"><float_array id="mixamorig_Head-Matrix-animation-output-transform-array" count="352">

0.998399 0.054764 0.014124 0.000000 -0.056531 0.958949 0.277887 0.010600 0.001674 -0.278240 0.960510 0.008600 0.000000 0.000000 0.000000 1.000000
0.989400 0.074373 -0.124724 -0.000000 -0.039607 0.964536 0.260961 0.010600 0.139709 -0.253255 0.957258 0.008600 0.000000 0.000000 0.000000 1.000000
0.971698 0.020755 -0.235311 0.000000 0.025127 0.981400 0.190323 0.010600 0.234885 -0.190849 0.953103 0.008600 0.000000 0.000000 0.000000 1.000000
0.952070 -0.005717 -0.305826 0.000000 0.047649 0.990392 0.129822 0.010600 0.302145 -0.138173 0.943195 0.008600 0.000000 0.000000 0.000000 1.000000
0.917800 -0.036765 -0.395336 0.000000 0.074311 0.994015 0.080078 0.010600 0.390026 -0.102874 0.915039 0.008600 0.000000 0.000000 0.000000 1.000000
0.896920 -0.064710 -0.437432 -0.000000 0.087056 0.995715 0.031204 0.010600 0.433539 -0.066068 0.898710 0.008600 0.000000 0.000000 0.000000 1.000000
0.915019 -0.058461 -0.399153 0.000000 0.068296 0.997610 0.010449 0.010600 0.397588 -0.036822 0.916825 0.008600 0.000000 0.000000 0.000000 1.000000
0.944794 -0.049934 -0.323837 0.000000 0.060101 0.997962 0.021463 0.010600 0.322105 -0.039741 0.945869 0.008600 0.000000 0.000000 0.000000 1.000000
0.972025 -0.043426 -0.230828 -0.000000 0.055662 0.997354 0.046763 0.010600 0.228187 -0.058303 0.971870 0.008600 0.000000 0.000000 0.000000 1.000000
0.991883 -0.023806 -0.124905 0.000000 0.039931 0.990940 0.128233 0.010600 0.120720 -0.132180 0.983847 0.008600 0.000000 0.000000 0.000000 1.000000
0.999641 -0.024603 0.010616 0.000000 0.021865 0.977981 0.207544 0.010600 -0.015488 -0.207237 0.978168 0.008600 0.000000 0.000000 0.000000 1.000000
0.993009 -0.041417 0.110538 0.000000 0.016527 0.975983 0.217218 0.010600 -0.116879 -0.213873 0.969844 0.008600 0.000000 0.000000 0.000000 1.000000
0.969125 -0.017091 0.245977 -0.000000 -0.036029 0.977072 0.209841 0.010600 -0.243923 -0.212224 0.946289 0.008600 0.000000 0.000000 0.000000 1.000000
0.929141 -0.000617 0.369726 -0.000000 -0.067609 0.982854 0.171545 0.010600 -0.363493 -0.184386 0.913168 0.008600 0.000000 0.000000 0.000000 1.000000
0.885980 0.006699 0.463674 0.000000 -0.065702 0.991622 0.111217 0.010600 -0.459045 -0.129000 0.878998 0.008600 0.000000 0.000000 0.000000 1.000000
0.853810 0.024106 0.520027 0.000000 -0.067856 0.995558 0.065260 0.010600 -0.516144 -0.091007 0.851653 0.008600 0.000000 0.000000 0.000000 1.000000
0.844130 0.035657 0.534951 0.000000 -0.078285 0.995289 0.057190 0.010600 -0.530392 -0.090154 0.842945 0.008600 0.000000 0.000000 0.000000 1.000000
0.858920 0.020918 0.511682 0.000000 -0.079488 0.992502 0.092855 0.010600 -0.505903 -0.120427 0.854143 0.008600 0.000000 0.000000 0.000000 1.000000
0.893553 0.005191 0.448928 -0.000000 -0.076349 0.987125 0.140553 0.010600 -0.442419 -0.159866 0.882445 0.008600 0.000000 0.000000 0.000000 1.000000
0.943098 0.003113 0.332499 -0.000000 -0.062970 0.983534 0.169399 0.010600 -0.326497 -0.180698 0.927765 0.008600 0.000000 0.000000 0.000000 1.000000
0.982797 0.010230 0.184404 0.000000 -0.050468 0.975338 0.214869 0.010600 -0.177658 -0.220479 0.959076 0.008600 0.000000 0.000000 0.000000 1.000000
0.998399 0.054764 0.014124 0.000000 -0.056531 0.958949 0.277887 0.010600 0.001674 -0.278240 0.960510 0.008600 0.000000 0.000000 0.000000 1.000000</float_array><technique_common><accessor source="#mixamorig_Head-Matrix-animation-output-transform-array" count="22" stride="16"><param type="float4x4"/></accessor></technique_common></source><source id="mixamorig_Head-Interpolations"><Name_array id="mixamorig_Head-Interpolations-array" count="22">
 LINEAR LINEAR LINEAR LINEAR LINEAR LINEAR LINEAR LINEAR LINEAR LINEAR LINEAR
LINEAR LINEAR LINEAR LINEAR LINEAR LINEAR LINEAR LINEAR LINEAR LINEAR LINEAR</Name_array><technique_common><accessor source="#mixamorig_Head-Interpolations-array" count="22"><param type="name"/></accessor></technique_common></source><sampler id="mixamorig_Head-Matrix-animation-transform"><input semantic="INPUT" source="#mixamorig_Head-Matrix-animation-input"/><input semantic="OUTPUT" source="#mixamorig_Head-Matrix-animation-output-transform"/><input semantic="INTERPOLATION" source="#mixamorig_Head-Interpolations"/></sampler><channel source="#mixamorig_Head-Matrix-animation-transform" target="mixamorig_Head/matrix"/></animation>
    <animation id="mixamorig_LeftShoulder-anim" name="mixamorig_LeftShoulder"><source id="mixamorig_LeftShoulder-Matrix-animation-input"><float_array id="mixamorig_LeftShoulder-Matrix-animation-input-array" count="22">

0.000000 0.033333 0.066667 0.100000 0.133333 0.166667 0.200000 0.233333 0.266667 0.300000 0.333333 0.366667 0.400000 0.433333 0.466667 0.500000
0.533333 0.566667 0.600000 0.633333 0.666667 0.700000</float_array><technique_common><accessor source="#mixamorig_LeftShoulder-Matrix-animation-input-array" count="22"><param name="TIME" type="float"/></accessor></technique_common></source><source id="mixamorig_LeftShoulder-Matrix-animation-output-transform"><float_array id="mixamorig_LeftShoulder-Matrix-animation-output-transform-array" count="352">

0.050177 0.882170 -0.468250 0.014000 0.012210 -0.469347 -0.882929 0.037300 -0.998666 0.038585 -0.034322 -0.000300 0.000000 0.000000 0.000000 1.000000
0.050136 0.892281 -0.448687 0.014000 0.011871 -0.449753 -0.893074 0.037300 -0.998672 0.039449 -0.033141 -0.000300 0.000000 0.000000 0.000000 1.000000
0.005911 0.910316 -0.413872 0.014000 0.010715 -0.413913 -0.910253 0.037300 -0.999925 0.000946 -0.012201 -0.000300 0.000000 0.000000 0.000000 1.000000
-0.034646 0.928668 -0.369290 0.014000 0.007407 -0.369263 -0.929295 0.037300 -0.999372 -0.034932 0.005915 -0.000300 0.000000 0.000000 0.000000 1.000000
-0.027835 0.951534 -0.306280 0.014000 0.004102 -0.306288 -0.951930 0.037300 -0.999604 -0.027754 0.004622 -0.000300 0.000000 0.000000 0.000000 1.000000
-0.021176 0.961321 -0.274614 0.014000 0.000932 -0.274656 -0.961542 0.037300 -0.999775 -0.020617 0.004920 -0.000300 0.000000 0.000000 0.000000 1.000000
-0.028023 0.963091 -0.267715 0.014000 -0.001260 -0.267854 -0.963459 0.037300 -0.999606 -0.026662 0.008719 -0.000300 0.000000 0.000000 0.000000 1.000000
-0.006119 0.956605 -0.291322 0.014000 0.004976 -0.291295 -0.956620 0.037300 -0.999969 -0.007303 -0.002978 -0.000300 0.000000 0.000000 0.000000 1.000000
0.048423 0.925342 -0.376027 0.014000 0.010628 -0.376925 -0.926183 0.037300 -0.998770 0.040852 -0.028087 -0.000300 0.000000 0.000000 0.000000 1.000000
0.115705 0.869259 -0.480627 0.014000 0.010591 -0.484929 -0.874490 0.037300 -0.993227 0.096093 -0.065315 -0.000300 0.000000 0.000000 0.000000 1.000000
0.131197 0.850581 -0.509215 0.014000 0.009233 -0.514681 -0.857332 0.037300 -0.991313 0.107778 -0.075378 -0.000300 0.000000 0.000000 0.000000 1.000000
0.142949 0.853955 -0.500327 0.014000 0.009069 -0.506628 -0.862117 0.037300 -0.989689 0.118701 -0.080166 -0.000300 0.000000 0.000000 0.000000 1.000000
0.168625 0.883805 -0.436411 0.014000 0.011004 -0.444412 -0.895755 0.037300 -0.985619 0.146245 -0.084665 -0.000300 0.000000 0.000000 0.000000 1.000000
0.141819 0.908331 -0.393474 0.014000 0.012743 -0.399134 -0.916804 0.037300 -0.989811 0.125006 -0.068179 -0.000300 0.000000 0.000000 0.000000 1.000000
0.098979 0.921884 -0.374611 0.014000 0.012216 -0.377557 -0.925906 0.037300 -0.995015 0.087069 -0.048632 -0.000300 0.000000 0.000000 0.000000 1.000000
0.075277 0.932426 -0.353433 0.014000 0.011453 -0.355224 -0.934711 0.037300 -0.997097 0.066314 -0.037419 -0.000300 0.000000 0.000000 0.000000 1.000000
0.065161 0.939816 -0.335409 0.014000 0.010882 -0.336773 -0.941523 0.037300 -0.997815 0.057701 -0.032171 -0.000300 0.000000 0.000000 0.000000 1.000000
0.066858 0.939191 -0.336824 0.014000 0.010993 -0.338253 -0.940991 0.037300 -0.997702 0.059210 -0.032940 -0.000300 0.000000 0.000000 0.000000 1.000000
0.063199 0.925789 -0.372720 0.014000 0.011141 -0.374098 -0.927322 0.037300 -0.997939 0.054454 -0.033957 -0.000300 0.000000 0.000000 0.000000 1.000000
0.065964 0.902181 -0.426284 0.014000 0.011638 -0.427881 -0.903760 0.037300 -0.997754 0.054655 -0.038724 -0.000300 0.000000 0.000000 0.000000 1.000000
0.046382 0.893963 -0.445735 0.014000 0.011890 -0.446678 -0.894616 0.037300 -0.998853 0.036195 -0.031347 -0.000300 0.000000 0.000000 0.000000 1.000000
0.050177 0.882170 -0.468250 0.014000 0.012210 -0.469347 -0.882929 0.037300 -0.998666 0.038585 -0.034321 -0.000300 0.000000 0.000000 0.000000 1.000000</float_array><technique_common><accessor source="#mixamorig_LeftShoulder-Matrix-animation-output-transform-array" count="22" stride="16"><param type="float4x4"/></accessor></technique_common></source><source id="mixamorig_LeftShoulder-Interpolations"><Name_array id="mixamorig_LeftShoulder-Interpolations-array" count="22">
 LINEAR LINEAR LINEAR LINEAR LINEAR LINEAR LINEAR LINEAR LINEAR LINEAR LINEAR
LINEAR LINEAR LINEAR LINEAR LINEAR LINEAR LINEAR LINEAR LINEAR LINEAR LINEAR</Name_array><technique_common><accessor source="#mixamorig_LeftShoulder-Interpolations-array" count="22"><param type="name"/></accessor></technique_common></source><sampler id="mixamorig_LeftShoulder-Matrix-animation-transform"><input semantic="INPUT" source="#mixamorig_LeftShoulder-Matrix-animation-input"/><input semantic="OUTPUT" source="#mixamorig_LeftShoulder-Matrix-animation-output-transform"/><input semantic="INTERPOLATION" source="#mixamorig_LeftShoulder-Interpolations"/></sampler><channel source="#mixamorig_LeftShoulder-Matrix-animation-transform" target="mixamorig_LeftShoulder/matrix"/></animation>
    <animation id="mixamorig_LeftArm-anim" name="mixamorig_LeftArm"><source id="mixamorig_LeftArm-Matrix-animation-input"><float_array id="mixamorig_LeftArm-Matrix-animation-input-array" count="22">

0.000000 0.033333 0.066667 0.100000 0.133333 0.166667 0.200000 0.233333 0.266667 0.300000 0.333333 0.366667 0.400000 0.433333 0.466667 0.500000
0.533333 0.566667 0.600000 0.633333 0.666667 0.700000</float_array><technique_common><accessor source="#mixamorig_LeftArm-Matrix-animation-input-array" count="22"><param name="TIME" type="float"/></accessor></technique_common></source><source id="mixamorig_LeftArm-Matrix-animation-output-transform"><float_array id="mixamorig_LeftArm-Matrix-animation-output-transform-array" count="352">

0.963724 0.196388 0.180741 0.000000 -0.023688 0.737450 -0.674986 0.032100 -0.265847 0.646219 0.715350 0.000000 0.000000 0.000000 0.000000 1.000000
0.938231 0.278792 0.204934 -0.000000 -0.081374 0.753452 -0.652448 0.032100 -0.336305 0.595470 0.729599 -0.000000 0.000000 0.000000 0.000000 1.000000
0.874835 0.378557 0.302256 -0.000000 -0.114075 0.767396 -0.630944 0.032100 -0.470798 0.517492 0.714529 0.000000 0.000000 0.000000 0.000000 1.000000
0.806221 0.439109 0.396474 0.000000 -0.134918 0.788961 -0.599448 0.032100 -0.576025 0.429796 0.695320 -0.000000 0.000000 0.000000 0.000000 1.000000
0.730101 0.492987 0.473198 -0.000000 -0.136459 0.783715 -0.605946 0.032100 -0.669576 0.377830 0.639463 0.000000 0.000000 0.000000 0.000000 1.000000
0.674551 0.543540 0.499545 -0.000000 -0.155741 0.766229 -0.623409 0.032100 -0.721613 0.342722 0.601512 0.000000 0.000000 0.000000 0.000000 1.000000
0.664274 0.591556 0.456949 0.000000 -0.194149 0.726873 -0.658757 0.032100 -0.721836 0.348879 0.597693 0.000000 0.000000 0.000000 0.000000 1.000000
0.704133 0.611342 0.361191 0.000000 -0.231501 0.678524 -0.697146 0.032100 -0.671271 0.407268 0.619297 0.000000 0.000000 0.000000 0.000000 1.000000
0.801198 0.549447 0.237042 0.000000 -0.268688 0.684269 -0.677925 0.032100 -0.534685 0.479462 0.695865 0.000000 0.000000 0.000000 0.000000 1.000000
0.937009 0.345703 0.050030 0.000000 -0.246273 0.755388 -0.607238 0.032100 -0.247716 0.556667 0.792943 -0.000000 0.000000 0.000000 0.000000 1.000000
0.995838 -0.039483 -0.082148 0.000000 -0.023835 0.757124 -0.652836 0.032100 0.087972 0.652077 0.753031 0.000000 0.000000 0.000000 0.000000 1.000000
0.940764 -0.305096 -0.147919 -0.000000 0.102304 0.671341 -0.734054 0.032100 0.323261 0.675438 0.662786 0.000000 0.000000 0.000000 0.000000 1.000000
0.914649 -0.361801 -0.180326 0.000000 0.106801 0.646499 -0.755402 0.032100 0.389886 0.671669 0.629960 0.000000 0.000000 0.000000 0.000000 1.000000
0.929180 -0.349718 -0.119677 0.000000 0.161198 0.674758 -0.720220 0.032100 0.332627 0.649922 0.683345 0.000000 0.000000 0.000000 0.000000 1.000000
0.960153 -0.274804 -0.050883 -0.000000 0.185876 0.763874 -0.618019 0.032100 0.208702 0.583934 0.784515 0.000000 0.000000 0.000000 0.000000 1.000000
0.975028 -0.221698 0.013056 0.000000 0.198951 0.845839 -0.494950 0.032100 0.098686 0.485187 0.868824 0.000000 0.000000 0.000000 0.000000 1.000000
0.989073 -0.134902 0.059460 0.000000 0.147162 0.879349 -0.452868 0.032100 0.008807 0.456669 0.889593 0.000000 0.000000 0.000000 0.000000 1.000000
0.996197 -0.041243 0.076751 0.000000 0.074550 0.859415 -0.505814 0.032100 -0.045099 0.509613 0.859221 0.000000 0.000000 0.000000 0.000000 1.000000
0.993198 0.055845 0.102176 0.000000 0.015488 0.806333 -0.591259 0.032100 -0.115407 0.588819 0.799983 0.000000 0.000000 0.000000 0.000000 1.000000
0.979953 0.134495 0.146981 -0.000000 -0.002327 0.745426 -0.666584 0.032100 -0.199215 0.652879 0.730796 -0.000000 0.000000 0.000000 0.000000 1.000000
0.968932 0.167845 0.181657 0.000000 0.009263 0.709336 -0.704810 0.032100 -0.247155 0.684595 0.685743 -0.000000 0.000000 0.000000 0.000000 1.000000
0.963724 0.196388 0.180741 -0.000000 -0.023688 0.737450 -0.674986 0.032100 -0.265847 0.646219 0.715350 0.000000 0.000000 0.000000 0.000000 1.000000</float_array><technique_common><accessor source="#mixamorig_LeftArm-Matrix-animation-output-transform-array" count="22" stride="16"><param type="float4x4"/></accessor></technique_common></source><source id="mixamorig_LeftArm-Interpolations"><Name_array id="mixamorig_LeftArm-Interpolations-array" count="22">
 LINEAR LINEAR LINEAR LINEAR LINEAR LINEAR LINEAR LINEAR LINEAR LINEAR LINEAR
