<?xml version="1.0" encoding="utf-8"?>
<COLLADA xmlns="http://www.collada.org/2005/11/COLLADASchema" version="1.4.1">
  <asset><contributor><author>Mixamo</author><authoring_tool>COLLADA Mixamo exporter</authoring_tool><comments></comments></contributor><created>2014-08-29T16:11:01Z</created><modified>2014-08-29T16:11:01Z</modified><revision></revision><title></title><unit meter="0.025400"/><up_axis>Y_UP</up_axis></asset>
  <library_animations>
    <animation id="mixamorig_Hips-anim" name="mixamorig_Hips"><source id="mixamorig_Hips-Matrix-animation-input"><float_array id="mixamorig_Hips-Matrix-animation-input-array" count="50">

0.000000 0.033333 0.066667 0.100000 0.133333 0.166667 0.200000 0.233333 0.266667 0.300000 0.333333 0.366667 0.400000 0.433333 0.466667 0.500000
0.533333 0.566667 0.600000 0.633333 0.666667 0.700000 0.733333 0.766667 0.800000 0.833333 0.866667 0.900000 0.933333 0.966667 1.000000 1.033333
1.066667 1.100000 1.133333 1.166667 1.200000 1.233333 1.266667 1.300000 1.333333 1.366667 1.400000 1.433333 1.466667 1.500000 1.533333 1.566667
1.600000 1.633333</float_array><technique_common><accessor source="#mixamorig_Hips-Matrix-animation-input-array" count="50"><param name="TIME" type="float"/></accessor></technique_common></source><source id="mixamorig_Hips-Matrix-animation-output-transform"><float_array id="mixamorig_Hips-Matrix-animation-output-transform-array" count="800">

0.998432 0.055968 0.001269 0.000562 -0.055932 0.996301 0.065240 0.368291 0.002387 -0.065209 0.997869 -0.000976 0.000000 0.000000 0.000000 1.000000
0.997783 0.052054 0.041475 0.006126 -0.054692 0.996370 0.065228 0.368125 -0.037930 -0.067352 0.997008 -0.000428 0.000000 0.000000 0.000000 1.000000
0.995325 0.048909 0.083283 0.012583 -0.054419 0.996386 0.065226 0.368035 -0.079791 -0.069453 0.994389 0.000474 0.000000 0.000000 0.000000 1.000000
0.990847 0.046657 0.126674 0.019702 -0.055256 0.996339 0.065235 0.368018 -0.123166 -0.071638 0.989797 0.001830 0.000000 0.000000 0.000000 1.000000
0.984179 0.044278 0.171553 0.026850 -0.056196 0.996286 0.065246 0.367943 -0.168026 -0.073854 0.983012 0.003687 0.000000 0.000000 0.000000 1.000000
0.975155 0.040497 0.217790 0.033160 -0.055947 0.996300 0.065242 0.367638 -0.214342 -0.075806 0.973813 0.006021 0.000000 0.000000 0.000000 1.000000
0.963546 0.034979 0.265248 0.038012 -0.054126 0.996402 0.065221 0.367099 -0.262012 -0.077200 0.961972 0.008801 0.000000 0.000000 0.000000 1.000000
0.949049 0.028628 0.313824 0.041263 -0.051618 0.996537 0.065194 0.366484 -0.310871 -0.078071 0.947240 0.012025 0.000000 0.000000 0.000000 1.000000
0.931324 0.022973 0.363467 0.043138 -0.050019 0.996619 0.065174 0.365975 -0.360741 -0.078879 0.929325 0.015718 0.000000 0.000000 0.000000 1.000000
0.910099 0.018415 0.413982 0.044008 -0.049810 0.996630 0.065169 0.365579 -0.411387 -0.079931 0.907949 0.019934 0.000000 0.000000 0.000000 1.000000
0.885175 0.014127 0.465044 0.044191 -0.050144 0.996614 0.065170 0.365152 -0.462548 -0.081006 0.882886 0.024770 0.000000 0.000000 0.000000 1.000000
0.856339 0.009802 0.516321 0.043921 -0.050703 0.996585 0.065173 0.364613 -0.513919 -0.081990 0.853912 0.030325 0.000000 0.000000 0.000000 1.000000
0.823382 0.005602 0.567460 0.043305 -0.051702 0.996533 0.065183 0.364028 -0.565127 -0.083010 0.820817 0.036626 0.000000 0.000000 0.000000 1.000000
0.786135 0.001510 0.618054 0.042348 -0.053173 0.996455 0.065199 0.363470 -0.615764 -0.084119 0.783428 0.043568 0.000000 0.000000 0.000000 1.000000
0.744470 -0.003095 0.667648 0.040972 -0.054341 0.996391 0.065212 0.362923 -0.665440 -0.084829 0.741615 0.050971 0.000000 0.000000 0.000000 1.000000
0.698299 -0.008450 0.715756 0.039081 -0.054790 0.996366 0.065216 0.362377 -0.713706 -0.084757 0.695299 0.058503 0.000000 0.000000 0.000000 1.000000
0.647592 -0.014172 0.761855 0.036647 -0.054920 0.996359 0.065216 0.361943 -0.760006 -0.084074 0.644456 0.065869 0.000000 0.000000 0.000000 1.000000
0.592440 -0.020418 0.805355 0.033730 -0.054306 0.996393 0.065210 0.361778 -0.803782 -0.082368 0.589195 0.072860 0.000000 0.000000 0.000000 1.000000
0.532965 -0.026660 0.845717 0.030476 -0.053624 0.996430 0.065204 0.362031 -0.844436 -0.080102 0.529633 0.079179 0.000000 0.000000 0.000000 1.000000
0.469387 -0.032865 0.882381 0.027029 -0.052793 0.996475 0.065198 0.362692 -0.881413 -0.077187 0.465997 0.084554 0.000000 0.000000 0.000000 1.000000
0.401995 -0.038810 0.914819 0.023575 -0.052153 0.996509 0.065193 0.363669 -0.914155 -0.073918 0.398568 0.088722 0.000000 0.000000 0.000000 1.000000
0.331198 -0.044472 0.942512 0.020281 -0.051701 0.996533 0.065189 0.364792 -0.942144 -0.070320 0.327751 0.091602 0.000000 0.000000 0.000000 1.000000
0.257502 -0.049814 0.964993 0.017278 -0.051506 0.996543 0.065187 0.365909 -0.964904 -0.066488 0.254046 0.093261 0.000000 0.000000 0.000000 1.000000
0.181500 -0.054863 0.981859 0.014624 -0.051399 0.996549 0.065185 0.366982 -0.982047 -0.062297 0.178054 0.093682 0.000000 0.000000 0.000000 1.000000
0.103855 -0.059563 0.992807 0.012302 -0.051625 0.996537 0.065187 0.367926 -0.993252 -0.058024 0.100420 0.092499 0.000000 0.000000 0.000000 1.000000
0.025281 -0.063938 0.997634 0.010246 -0.052689 0.996480 0.065199 0.368609 -0.998291 -0.054212 0.021824 0.089372 0.000000 0.000000 0.000000 1.000000
-0.053493 -0.068142 0.996241 0.008378 -0.054592 0.996376 0.065220 0.368976 -0.997075 -0.050898 -0.057019 0.084760 0.000000 0.000000 0.000000 1.000000
-0.131762 -0.072130 0.988654 0.006622 -0.055934 0.996301 0.065234 0.368845 -0.989702 -0.046704 -0.135309 0.079783 0.000000 0.000000 0.000000 1.000000
-0.208840 -0.075567 0.975026 0.004910 -0.055953 0.996300 0.065232 0.368391 -0.976348 -0.040933 -0.212296 0.075166 0.000000 0.000000 0.000000 1.000000
-0.284032 -0.078328 0.955610 0.003160 -0.055323 0.996336 0.065223 0.367818 -0.957218 -0.034341 -0.287324 0.070559 0.000000 0.000000 0.000000 1.000000
-0.356694 -0.080318 0.930762 0.001276 -0.054203 0.996398 0.065210 0.367156 -0.932648 -0.027191 -0.359763 0.065407 0.000000 0.000000 0.000000 1.000000
-0.426243 -0.081669 0.900915 -0.000845 -0.053118 0.996458 0.065199 0.366462 -0.903048 -0.020064 -0.429071 0.059670 0.000000 0.000000 0.000000 1.000000
-0.492206 -0.082590 0.866552 -0.003280 -0.052431 0.996494 0.065193 0.365771 -0.868898 -0.013346 -0.494811 0.053729 0.000000 0.000000 0.000000 1.000000
-0.554221 -0.083334 0.828187 -0.006053 -0.052412 0.996495 0.065196 0.365127 -0.830717 -0.007274 -0.556647 0.047951 0.000000 0.000000 0.000000 1.000000
-0.612010 -0.084267 0.786347 -0.009122 -0.053416 0.996441 0.065208 0.364563 -0.789044 -0.002095 -0.614333 0.042496 0.000000 0.000000 0.000000 1.000000
-0.665389 -0.085277 0.741610 -0.012340 -0.054997 0.996354 0.065225 0.364174 -0.744468 0.002613 -0.667653 0.037413 0.000000 0.000000 0.000000 1.000000
-0.714275 -0.085764 0.694590 -0.015514 -0.056185 0.996287 0.065238 0.363966 -0.697606 0.007572 -0.716441 0.032664 0.000000 0.000000 0.000000 1.000000
-0.758659 -0.085533 0.645849 -0.018472 -0.056775 0.996253 0.065246 0.363949 -0.649009 0.012831 -0.760672 0.028178 0.000000 0.000000 0.000000 1.000000
-0.798595 -0.084732 0.595875 -0.021038 -0.057016 0.996239 0.065250 0.364128 -0.599162 0.018134 -0.800422 0.023872 0.000000 0.000000 0.000000 1.000000
-0.834190 -0.083357 0.545141 -0.023002 -0.056910 0.996245 0.065250 0.364434 -0.548533 0.023407 -0.835801 0.019724 0.000000 0.000000 0.000000 1.000000
-0.865595 -0.081518 0.494065 -0.024153 -0.056583 0.996264 0.065246 0.364828 -0.497538 0.028521 -0.866973 0.015773 0.000000 0.000000 0.000000 1.000000
-0.892990 -0.079434 0.443012 -0.024305 -0.056256 0.996282 0.065243 0.365291 -0.446548 0.033339 -0.894138 0.012103 0.000000 0.000000 0.000000 1.000000
-0.916589 -0.077149 0.392317 -0.023337 -0.055935 0.996301 0.065239 0.365780 -0.395898 0.037853 -0.917514 0.008812 0.000000 0.000000 0.000000 1.000000
-0.936629 -0.074711 0.342262 -0.021271 -0.055634 0.996318 0.065235 0.366262 -0.345876 0.042060 -0.937337 0.005999 0.000000 0.000000 0.000000 1.000000
-0.953337 -0.072508 0.293070 -0.018307 -0.055722 0.996313 0.065236 0.366769 -0.296720 0.045861 -0.953863 0.003752 0.000000 0.000000 0.000000 1.000000
-0.966966 -0.070590 0.244937 -0.014747 -0.056204 0.996285 0.065241 0.367283 -0.248632 0.049319 -0.967341 0.002143 0.000000 0.000000 0.000000 1.000000
-0.977806 -0.068357 0.198045 -0.010899 -0.056433 0.996272 0.065244 0.367691 -0.201767 0.052620 -0.978019 0.001183 0.000000 0.000000 0.000000 1.000000
-0.986119 -0.065630 0.152522 -0.007058 -0.056215 0.996285 0.065242 0.367954 -0.156237 0.055762 -0.986144 0.000783 0.000000 0.000000 0.000000 1.000000
-0.992128 -0.062620 0.108448 -0.003528 -0.055753 0.996311 0.065237 0.368106 -0.112133 0.058678 -0.991959 0.000772 0.000000 0.000000 0.000000 1.000000
-0.996007 -0.060296 0.065833 -0.000628 -0.056002 0.996297 0.065241 0.368302 -0.069523 0.061294 -0.995696 0.000934 0.000000 0.000000 0.000000 1.000000</float_array><technique_common><accessor source="#mixamorig_Hips-Matrix-animation-output-transform-array" count="50" stride="16"><param type="float4x4"/></accessor></technique_common></source><source id="mixamorig_Hips-Interpolations"><Name_array id="mixamorig_Hips-Interpolations-array" count="50">
 LINEAR LINEAR LINEAR LINEAR LINEAR LINEAR LINEAR LINEAR LINEAR LINEAR LINEAR
LINEAR LINEAR LINEAR LINEAR LINEAR LINEAR LINEAR LINEAR LINEAR LINEAR LINEAR LINEAR
LINEAR LINEAR LINEAR LINEAR LINEAR LINEAR LINEAR LINEAR LINEAR LINEAR LINEAR LINEAR
LINEAR LINEAR LINEAR LINEAR LINEAR LINEAR LINEAR LINEAR LINEAR LINEAR LINEAR LINEAR
LINEAR LINEAR LINEAR</Name_array><technique_common><accessor source="#mixamorig_Hips-Interpolations-array" count="50"><param type="name"/></accessor></technique_common></source><sampler id="mixamorig_Hips-Matrix-animation-transform"><input semantic="INPUT" source="#mixamorig_Hips-Matrix-animation-input"/><input semantic="OUTPUT" source="#mixamorig_Hips-Matrix-animation-output-transform"/><input semantic="INTERPOLATION" source="#mixamorig_Hips-Interpolations"/></sampler><channel source="#mixamorig_Hips-Matrix-animation-transform" target="mixamorig_Hips/matrix"/></animation>
    <animation id="mixamorig_Spine-anim" name="mixamorig_Spine"><source id="mixamorig_Spine-Matrix-animation-input"><float_array id="mixamorig_Spine-Matrix-animation-input-array" count="50">

0.000000 0.033333 0.066667 0.100000 0.133333 0.166667 0.200000 0.233333 0.266667 0.300000 0.333333 0.366667 0.400000 0.433333 0.466667 0.500000
0.533333 0.566667 0.600000 0.633333 0.666667 0.700000 0.733333 0.766667 0.800000 0.833333 0.866667 0.900000 0.933333 0.966667 1.000000 1.033333
1.066667 1.100000 1.133333 1.166667 1.200000 1.233333 1.266667 1.300000 1.333333 1.366667 1.400000 1.433333 1.466667 1.500000 1.533333 1.566667
1.600000 1.633333</float_array><technique_common><accessor source="#mixamorig_Spine-Matrix-animation-input-array" count="50"><param name="TIME" type="float"/></accessor></technique_common></source><source id="mixamorig_Spine-Matrix-animation-output-transform"><float_array id="mixamorig_Spine-Matrix-animation-output-transform-array" count="800">

0.998667 -0.045489 0.024399 0.000000 0.045581 0.998955 -0.003226 0.028500 -0.024227 0.004334 0.999697 -0.001600 0.000000 0.000000 0.000000 1.000000
0.998422 -0.045556 0.032822 -0.000000 0.045571 0.998961 0.000288 0.028500 -0.032801 0.001208 0.999461 -0.001600 0.000000 0.000000 0.000000 1.000000
0.998227 -0.046038 0.037717 0.000000 0.045931 0.998938 0.003698 0.028500 -0.037848 -0.001959 0.999282 -0.001600 0.000000 0.000000 0.000000 1.000000
0.998227 -0.046045 0.037722 -0.000000 0.045840 0.998929 0.006276 0.028500 -0.037970 -0.004535 0.999269 -0.001600 0.000000 0.000000 0.000000 1.000000
0.998532 -0.043590 0.032142 0.000000 0.043386 0.999034 0.007027 0.028500 -0.032417 -0.005622 0.999459 -0.001600 0.000000 0.000000 0.000000 1.000000
0.999067 -0.037309 0.021738 0.000000 0.037201 0.999294 0.005335 0.028500 -0.021922 -0.004521 0.999749 -0.001600 0.000000 0.000000 0.000000 1.000000
0.999574 -0.027955 0.008414 0.000000 0.027943 0.999608 0.001550 0.028500 -0.008454 -0.001315 0.999963 -0.001600 0.000000 0.000000 0.000000 1.000000
0.999822 -0.017988 -0.005629 0.000000 0.017971 0.999834 -0.003100 0.028500 0.005684 0.002998 0.999979 -0.001600 0.000000 0.000000 0.000000 1.000000
0.999773 -0.009700 -0.018945 0.000000 0.009565 0.999928 -0.007218 0.028500 0.019013 0.007036 0.999794 -0.001600 0.000000 0.000000 0.000000 1.000000
0.999509 -0.002885 -0.031192 0.000000 0.002576 0.999947 -0.009942 0.028500 0.031219 0.009856 0.999464 -0.001600 0.000000 0.000000 0.000000 1.000000
0.999085 0.004314 -0.042546 0.000000 -0.004794 0.999926 -0.011180 0.028500 0.042495 0.011373 0.999032 -0.001600 0.000000 0.000000 0.000000 1.000000
0.998546 0.011962 -0.052563 -0.000000 -0.012580 0.999856 -0.011432 0.028500 0.052419 0.012077 0.998552 -0.001600 0.000000 0.000000 0.000000 1.000000
0.998044 0.018095 -0.059841 0.000000 -0.018804 0.999759 -0.011303 0.028500 0.059622 0.012406 0.998144 -0.001600 0.000000 0.000000 0.000000 1.000000
0.997783 0.020960 -0.063170 0.000000 -0.021703 0.999703 -0.011106 0.028500 0.062918 0.012452 0.997941 -0.001600 0.000000 0.000000 0.000000 1.000000
0.997806 0.021100 -0.062756 0.000000 -0.021820 0.999703 -0.010815 0.028500 0.062509 0.012161 0.997970 -0.001600 0.000000 0.000000 0.000000 1.000000
0.998002 0.019978 -0.059935 0.000000 -0.020634 0.999733 -0.010355 0.028500 0.059712 0.011571 0.998149 -0.001600 0.000000 0.000000 0.000000 1.000000
0.998270 0.018246 -0.055902 0.000000 -0.018820 0.999775 -0.009761 0.028500 0.055711 0.010797 0.998389 -0.001600 0.000000 0.000000 0.000000 1.000000
0.998559 0.016684 -0.050998 0.000000 -0.017167 0.999812 -0.009034 0.028500 0.050837 0.009896 0.998658 -0.001600 0.000000 0.000000 0.000000 1.000000
0.998870 0.014589 -0.045229 -0.000000 -0.014976 0.999854 -0.008228 0.028500 0.045102 0.008896 0.998943 -0.001600 0.000000 0.000000 0.000000 1.000000
0.999177 0.012142 -0.038713 0.000000 -0.012434 0.999896 -0.007322 0.028500 0.038620 0.007798 0.999224 -0.001600 0.000000 0.000000 0.000000 1.000000
0.999450 0.009316 -0.031837 0.000000 -0.009522 0.999935 -0.006328 0.028500 0.031776 0.006627 0.999473 -0.001600 0.000000 0.000000 0.000000 1.000000
0.999668 0.006408 -0.024961 0.000000 -0.006541 0.999965 -0.005256 0.028500 0.024926 0.005417 0.999675 -0.001600 0.000000 0.000000 0.000000 1.000000
0.999826 0.003486 -0.018326 0.000000 -0.003562 0.999985 -0.004139 0.028500 0.018311 0.004204 0.999824 -0.001600 0.000000 0.000000 0.000000 1.000000
0.999927 0.000857 -0.012086 -0.000000 -0.000893 0.999995 -0.002995 0.028500 0.012083 0.003005 0.999922 -0.001600 0.000000 0.000000 0.000000 1.000000
0.999978 -0.001319 -0.006527 0.000000 0.001307 0.999997 -0.001830 0.028500 0.006530 0.001821 0.999977 -0.001600 0.000000 0.000000 0.000000 1.000000
0.999993 -0.002958 -0.002158 0.000000 0.002957 0.999995 -0.000668 0.028500 0.002160 0.000661 0.999997 -0.001600 0.000000 0.000000 0.000000 1.000000
0.999992 -0.003875 0.000501 0.000000 0.003875 0.999992 0.000408 0.028500 -0.000503 -0.000406 1.000000 -0.001600 0.000000 0.000000 0.000000 1.000000
0.999993 -0.003381 0.001352 0.000000 0.003379 0.999993 0.001270 0.028500 -0.001356 -0.001265 0.999998 -0.001600 0.000000 0.000000 0.000000 1.000000
0.999998 -0.002024 0.000826 0.000000 0.002023 0.999996 0.001886 0.028500 -0.000829 -0.001884 0.999998 -0.001600 0.000000 0.000000 0.000000 1.000000
0.999999 -0.001420 -0.000317 0.000000 0.001421 0.999996 0.002504 0.028500 0.000314 -0.002504 0.999997 -0.001600 0.000000 0.000000 0.000000 1.000000
0.999998 -0.001726 -0.001301 0.000000 0.001731 0.999992 0.003642 0.028500 0.001295 -0.003645 0.999993 -0.001600 0.000000 0.000000 0.000000 1.000000
0.999994 -0.002916 -0.001693 0.000000 0.002925 0.999979 0.005733 0.028500 0.001676 -0.005738 0.999982 -0.001600 0.000000 0.000000 0.000000 1.000000
0.999986 -0.005108 -0.001367 0.000000 0.005120 0.999949 0.008662 0.028500 0.001323 -0.008669 0.999962 -0.001600 0.000000 0.000000 0.000000 1.000000
0.999960 -0.008967 -0.000195 0.000000 0.008969 0.999893 0.011576 0.028500 0.000091 -0.011577 0.999933 -0.001600 0.000000 0.000000 0.000000 1.000000
0.999882 -0.015268 0.001754 0.000000 0.015244 0.999796 0.013261 0.028500 -0.001956 -0.013233 0.999911 -0.001600 0.000000 0.000000 0.000000 1.000000
0.999723 -0.023165 0.004037 0.000000 0.023111 0.999650 0.012891 0.028500 -0.004335 -0.012794 0.999909 -0.001600 0.000000 0.000000 0.000000 1.000000
0.999522 -0.030368 0.005764 0.000000 0.030306 0.999485 0.010569 0.028500 -0.006082 -0.010390 0.999928 -0.001600 0.000000 0.000000 0.000000 1.000000
0.999357 -0.035393 0.005788 0.000000 0.035351 0.999349 0.007228 0.028500 -0.006040 -0.007019 0.999957 -0.001600 0.000000 0.000000 0.000000 1.000000
0.999252 -0.038505 0.003523 0.000000 0.038491 0.999251 0.003971 0.028500 -0.003674 -0.003833 0.999986 -0.001600 0.000000 0.000000 0.000000 1.000000
0.999148 -0.041268 -0.000400 0.000000 0.041269 0.999147 0.001376 0.028500 0.000343 -0.001391 0.999999 -0.001600 0.000000 0.000000 0.000000 1.000000
0.998947 -0.045662 -0.004494 0.000000 0.045659 0.998957 -0.000701 0.028500 0.004521 0.000495 0.999990 -0.001600 0.000000 0.000000 0.000000 1.000000
0.998603 -0.052303 -0.007461 0.000000 0.052284 0.998629 -0.002705 0.028500 0.007592 0.002311 0.999969 -0.001600 0.000000 0.000000 0.000000 1.000000
0.998189 -0.059469 -0.009019 0.000000 0.059428 0.998221 -0.004810 0.028500 0.009289 0.004265 0.999948 -0.001600 0.000000 0.000000 0.000000 1.000000
0.997878 -0.064365 -0.009791 -0.000000 0.064301 0.997908 -0.006702 0.028500 0.010202 0.006058 0.999930 -0.001600 0.000000 0.000000 0.000000 1.000000
0.997811 -0.065329 -0.010306 0.000000 0.065249 0.997838 -0.007841 0.028500 0.010796 0.007151 0.999916 -0.001600 0.000000 0.000000 0.000000 1.000000
0.998006 -0.062313 -0.010025 -0.000000 0.062235 0.998030 -0.007879 0.028500 0.010497 0.007239 0.999919 -0.001600 0.000000 0.000000 0.000000 1.000000
0.998378 -0.056452 -0.007367 -0.000000 0.056402 0.998384 -0.006909 0.028500 0.007745 0.006482 0.999949 -0.001600 0.000000 0.000000 0.000000 1.000000
0.998742 -0.050136 -0.000750 0.000000 0.050131 0.998728 -0.005434 0.028500 0.001022 0.005390 0.999985 -0.001600 0.000000 0.000000 0.000000 1.000000
0.998898 -0.045815 0.010222 -0.000000 0.045859 0.998940 -0.004076 0.028500 -0.010025 0.004540 0.999939 -0.001600 0.000000 0.000000 0.000000 1.000000
0.998664 -0.045559 0.024396 0.000000 0.045651 0.998952 -0.003225 0.028500 -0.024224 0.004335 0.999697 -0.001600 0.000000 0.000000 0.000000 1.000000</float_array><technique_common><accessor source="#mixamorig_Spine-Matrix-animation-output-transform-array" count="50" stride="16"><param type="float4x4"/></accessor></technique_common></source><source id="mixamorig_Spine-Interpolations"><Name_array id="mixamorig_Spine-Interpolations-array" count="50">
 LINEAR LINEAR LINEAR LINEAR LINEAR LINEAR LINEAR LINEAR LINEAR LINEAR LINEAR
LINEAR LINEAR LINEAR LINEAR LINEAR LINEAR LINEAR LINEAR LINEAR LINEAR LINEAR LINEAR
LINEAR LINEAR LINEAR LINEAR LINEAR LINEAR LINEAR LINEAR LINEAR LINEAR LINEAR LINEAR
LINEAR LINEAR LINEAR LINEAR LINEAR LINEAR LINEAR LINEAR LINEAR LINEAR LINEAR LINEAR
LINEAR LINEAR LINEAR</Name_array><technique_common><accessor source="#mixamorig_Spine-Interpolations-array" count="50"><param type="name"/></accessor></technique_common></source><sampler id="mixamorig_Spine-Matrix-animation-transform"><input semantic="INPUT" source="#mixamorig_Spine-Matrix-animation-input"/><input semantic="OUTPUT" source="#mixamorig_Spine-Matrix-animation-output-transform"/><input semantic="INTERPOLATION" source="#mixamorig_Spine-Interpolations"/></sampler><channel source="#mixamorig_Spine-Matrix-animation-transform" target="mixamorig_Spine/matrix"/></animation>
    <animation id="mixamorig_Spine1-anim" name="mixamorig_Spine1"><source id="mixamorig_Spine1-Matrix-animation-input"><float_array id="mixamorig_Spine1-Matrix-animation-input-array" count="50">

0.000000 0.033333 0.066667 0.100000 0.133333 0.166667 0.200000 0.233333 0.266667 0.300000 0.333333 0.366667 0.400000 0.433333 0.466667 0.500000
0.533333 0.566667 0.600000 0.633333 0.666667 0.700000 0.733333 0.766667 0.800000 0.833333 0.866667 0.900000 0.933333 0.966667 1.000000 1.033333
1.066667 1.100000 1.133333 1.166667 1.200000 1.233333 1.266667 1.300000 1.333333 1.366667 1.400000 1.433333 1.466667 1.500000 1.533333 1.566667
1.600000 1.633333</float_array><technique_common><accessor source="#mixamorig_Spine1-Matrix-animation-input-array" count="50"><param name="TIME" type="float"/></accessor></technique_common></source><source id="mixamorig_Spine1-Matrix-animation-output-transform"><float_array id="mixamorig_Spine1-Matrix-animation-output-transform-array" count="800">

0.999615 -0.027380 0.004440 0.000000 0.027464 0.999420 -0.020122 0.033300 -0.003886 0.020236 0.999788 0.000000 0.000000 0.000000 0.000000 1.000000
0.999632 -0.026194 0.007073 -0.000000 0.026324 0.999473 -0.018977 0.033300 -0.006572 0.019156 0.999795 0.000000 0.000000 0.000000 0.000000 1.000000
0.999651 -0.024946 0.008711 0.000000 0.025100 0.999523 -0.018012 0.033300 -0.008257 0.018224 0.999800 -0.000000 0.000000 0.000000 0.000000 1.000000
0.999686 -0.023424 0.008949 0.000000 0.023577 0.999570 -0.017441 0.033300 -0.008536 0.017646 0.999808 0.000000 0.000000 0.000000 0.000000 1.000000
0.999742 -0.021404 0.007559 0.000000 0.021534 0.999616 -0.017466 0.033300 -0.007182 0.017624 0.999819 0.000000 0.000000 0.000000 0.000000 1.000000
0.999812 -0.018818 0.004732 -0.000000 0.018901 0.999657 -0.018116 0.033300 -0.004390 0.018202 0.999825 0.000000 0.000000 0.000000 0.000000 1.000000
0.999874 -0.015832 0.001000 -0.000000 0.015848 0.999690 -0.019177 0.033300 -0.000696 0.019191 0.999816 0.000000 0.000000 0.000000 0.000000 1.000000
0.999914 -0.012752 -0.002985 0.000000 0.012689 0.999714 -0.020272 0.033300 0.003243 0.020232 0.999790 0.000000 0.000000 0.000000 0.000000 1.000000
0.999929 -0.009824 -0.006702 0.000000 0.009681 0.999732 -0.021046 0.033300 0.006907 0.020980 0.999756 0.000000 0.000000 0.000000 0.000000 1.000000
0.999925 -0.007110 -0.009939 0.000000 0.006896 0.999749 -0.021334 0.033300 0.010088 0.021264 0.999723 0.000000 0.000000 0.000000 0.000000 1.000000
0.999908 -0.004524 -0.012770 0.000000 0.004252 0.999766 -0.021212 0.033300 0.012863 0.021156 0.999693 0.000000 0.000000 0.000000 0.000000 1.000000
0.999880 -0.002020 -0.015346 -0.000000 0.001698 0.999779 -0.020933 0.033300 0.015385 0.020905 0.999663 0.000000 0.000000 0.000000 0.000000 1.000000
0.999845 0.000223 -0.017623 0.000000 -0.000590 0.999784 -0.020782 0.033300 0.017615 0.020789 0.999629 -0.000000 0.000000 0.000000 0.000000 1.000000
0.999813 0.001743 -0.019240 0.000000 -0.002145 0.999779 -0.020901 0.033300 0.019199 0.020938 0.999596 0.000000 0.000000 0.000000 0.000000 1.000000
0.999805 0.001936 -0.019639 0.000000 -0.002352 0.999773 -0.021179 0.033300 0.019594 0.021221 0.999583 0.000000 0.000000 0.000000 0.000000 1.000000
0.999831 0.000401 -0.018362 0.000000 -0.000792 0.999773 -0.021290 0.033300 0.018349 0.021301 0.999605 0.000000 0.000000 0.000000 0.000000 1.000000
0.999879 -0.002691 -0.015342 0.000000 0.002370 0.999778 -0.020919 0.033300 0.015395 0.020880 0.999663 0.000000 0.000000 0.000000 0.000000 1.000000
0.999918 -0.006473 -0.011040 0.000000 0.006251 0.999780 -0.020040 0.033300 0.011167 0.019969 0.999738 0.000000 0.000000 0.000000 0.000000 1.000000
0.999933 -0.009687 -0.006351 0.000000 0.009565 0.999774 -0.019009 0.033300 0.006533 0.018947 0.999799 0.000000 0.000000 0.000000 0.000000 1.000000
0.999933 -0.011326 -0.002316 -0.000000 0.011282 0.999768 -0.018338 0.033300 0.002523 0.018311 0.999829 0.000000 0.000000 0.000000 0.000000 1.000000
0.999938 -0.011156 0.000270 0.000000 0.011159 0.999770 -0.018313 0.033300 -0.000066 0.018315 0.999832 0.000000 0.000000 0.000000 0.000000 1.000000
0.999952 -0.009757 0.001197 0.000000 0.009778 0.999775 -0.018801 0.033300 -0.001013 0.018812 0.999823 0.000000 0.000000 0.000000 0.000000 1.000000
0.999967 -0.008050 0.000908 0.000000 0.008066 0.999780 -0.019382 0.033300 -0.000751 0.019389 0.999812 0.000000 0.000000 0.000000 0.000000 1.000000
0.999977 -0.006714 0.000217 -0.000000 0.006717 0.999784 -0.019691 0.033300 -0.000085 0.019692 0.999806 0.000000 0.000000 0.000000 0.000000 1.000000
0.999983 -0.005912 -0.000174 0.000000 0.005907 0.999790 -0.019635 0.033300 0.000290 0.019634 0.999807 0.000000 0.000000 0.000000 0.000000 1.000000
0.999985 -0.005421 -0.000051 0.000000 0.005419 0.999798 -0.019376 0.033300 0.000156 0.019375 0.999812 0.000000 0.000000 0.000000 0.000000 1.000000
0.999988 -0.004949 0.000325 0.000000 0.004955 0.999805 -0.019132 0.033300 -0.000230 0.019133 0.999817 0.000000 0.000000 0.000000 0.000000 1.000000
0.999990 -0.004354 0.000547 0.000000 0.004364 0.999810 -0.019008 0.033300 -0.000464 0.019011 0.999819 0.000000 0.000000 0.000000 0.000000 1.000000
0.999993 -0.003663 0.000414 -0.000000 0.003670 0.999814 -0.018931 0.033300 -0.000344 0.018932 0.999821 0.000000 0.000000 0.000000 0.000000 1.000000
0.999996 -0.002982 0.000027 0.000000 0.002982 0.999821 -0.018705 0.033300 0.000029 0.018705 0.999825 -0.000000 0.000000 0.000000 0.000000 1.000000
0.999997 -0.002413 -0.000362 -0.000000 0.002406 0.999833 -0.018137 0.033300 0.000406 0.018136 0.999835 0.000000 0.000000 0.000000 0.000000 1.000000
0.999998 -0.002038 -0.000565 0.000000 0.002028 0.999850 -0.017175 0.033300 0.000600 0.017174 0.999852 0.000000 0.000000 0.000000 0.000000 1.000000
0.999998 -0.001958 -0.000535 0.000000 0.001949 0.999870 -0.015999 0.033300 0.000566 0.015998 0.999872 0.000000 0.000000 0.000000 0.000000 1.000000
0.999997 -0.002314 -0.000242 0.000000 0.002310 0.999885 -0.014985 0.033300 0.000276 0.014985 0.999888 0.000000 0.000000 0.000000 0.000000 1.000000
0.999995 -0.003190 0.000273 0.000000 0.003194 0.999889 -0.014541 0.033300 -0.000227 0.014542 0.999894 0.000000 0.000000 0.000000 0.000000 1.000000
0.999989 -0.004511 0.000853 0.000000 0.004523 0.999879 -0.014878 0.033300 -0.000786 0.014882 0.999889 0.000000 0.000000 0.000000 0.000000 1.000000
0.999981 -0.006054 0.001210 -0.000000 0.006072 0.999855 -0.015881 0.033300 -0.001114 0.015888 0.999873 0.000000 0.000000 0.000000 0.000000 1.000000
0.999971 -0.007579 0.001018 0.000000 0.007596 0.999824 -0.017174 0.033300 -0.000887 0.017181 0.999852 -0.000000 0.000000 0.000000 0.000000 1.000000
0.999959 -0.009024 0.000140 0.000000 0.009026 0.999791 -0.018344 0.033300 0.000026 0.018345 0.999832 -0.000000 0.000000 0.000000 0.000000 1.000000
0.999943 -0.010570 -0.001216 0.000000 0.010545 0.999761 -0.019166 0.033300 0.001419 0.019152 0.999816 -0.000000 0.000000 0.000000 0.000000 1.000000
0.999919 -0.012482 -0.002601 -0.000000 0.012428 0.999729 -0.019672 0.033300 0.002846 0.019638 0.999803 -0.000000 0.000000 0.000000 0.000000 1.000000
0.999883 -0.014843 -0.003636 0.000000 0.014767 0.999690 -0.020050 0.033300 0.003932 0.019994 0.999792 0.000000 0.000000 0.000000 0.000000 1.000000
0.999839 -0.017417 -0.004255 0.000000 0.017327 0.999640 -0.020462 0.033300 0.004610 0.020385 0.999782 0.000000 0.000000 0.000000 0.000000 1.000000
0.999794 -0.019770 -0.004655 -0.000000 0.019669 0.999588 -0.020927 0.033300 0.005066 0.020831 0.999770 -0.000000 0.000000 0.000000 0.000000 1.000000
0.999756 -0.021538 -0.004985 0.000000 0.021427 0.999543 -0.021336 0.033300 0.005443 0.021224 0.999760 -0.000000 0.000000 0.000000 0.000000 1.000000
0.999731 -0.022649 -0.005077 0.000000 0.022535 0.999514 -0.021547 0.033300 0.005563 0.021427 0.999755 0.000000 0.000000 0.000000 0.000000 1.000000
0.999717 -0.023356 -0.004458 0.000000 0.023256 0.999499 -0.021484 0.033300 0.004957 0.021374 0.999759 0.000000 0.000000 0.000000 0.000000 1.000000
0.999706 -0.024115 -0.002662 -0.000000 0.024053 0.999487 -0.021162 0.033300 0.003171 0.021091 0.999773 0.000000 0.000000 0.000000 0.000000 1.000000
0.999678 -0.025374 0.000417 -0.000000 0.025377 0.999464 -0.020671 0.033300 0.000107 0.020675 0.999786 -0.000000 0.000000 0.000000 0.000000 1.000000
0.999615 -0.027380 0.004440 -0.000000 0.027464 0.999420 -0.020122 0.033300 -0.003886 0.020236 0.999788 0.000000 0.000000 0.000000 0.000000 1.000000</float_array><technique_common><accessor source="#mixamorig_Spine1-Matrix-animation-output-transform-array" count="50" stride="16"><param type="float4x4"/></accessor></technique_common></source><source id="mixamorig_Spine1-Interpolations"><Name_array id="mixamorig_Spine1-Interpolations-array" count="50">
 LINEAR LINEAR LINEAR LINEAR LINEAR LINEAR LINEAR LINEAR LINEAR LINEAR LINEAR
LINEAR LINEAR LINEAR LINEAR LINEAR LINEAR LINEAR LINEAR LINEAR LINEAR LINEAR LINEAR
LINEAR LINEAR LINEAR LINEAR LINEAR LINEAR LINEAR LINEAR LINEAR LINEAR LINEAR LINEAR
LINEAR LINEAR LINEAR LINEAR LINEAR LINEAR LINEAR LINEAR LINEAR LINEAR LINEAR LINEAR
LINEAR LINEAR LINEAR</Name_array><technique_common><accessor source="#mixamorig_Spine1-Interpolations-array" count="50"><param type="name"/></accessor></technique_common></source><sampler id="mixamorig_Spine1-Matrix-animation-transform"><input semantic="INPUT" source="#mixamorig_Spine1-Matrix-animation-input"/><input semantic="OUTPUT" source="#mixamorig_Spine1-Matrix-animation-output-transform"/><input semantic="INTERPOLATION" source="#mixamorig_Spine1-Interpolations"/></sampler><channel source="#mixamorig_Spine1-Matrix-animation-transform" target="mixamorig_Spine1/matrix"/></animation>
    <animation id="mixamorig_Spine2-anim" name="mixamorig_Spine2"><source id="mixamorig_Spine2-Matrix-animation-input"><float_array id="mixamorig_Spine2-Matrix-animation-input-array" count="50">

0.000000 0.033333 0.066667 0.100000 0.133333 0.166667 0.200000 0.233333 0.266667 0.300000 0.333333 0.366667 0.400000 0.433333 0.466667 0.500000
0.533333 0.566667 0.600000 0.633333 0.666667 0.700000 0.733333 0.766667 0.800000 0.833333 0.866667 0.900000 0.933333 0.966667 1.000000 1.033333
1.066667 1.100000 1.133333 1.166667 1.200000 1.233333 1.266667 1.300000 1.333333 1.366667 1.400000 1.433333 1.466667 1.500000 1.533333 1.566667
1.600000 1.633333</float_array><technique_common><accessor source="#mixamorig_Spine2-Matrix-animation-input-array" count="50"><param name="TIME" type="float"/></accessor></technique_common></source><source id="mixamorig_Spine2-Matrix-animation-output-transform"><float_array id="mixamorig_Spine2-Matrix-animation-output-transform-array" count="800">

0.999611 -0.027455 0.004822 0.000000 0.027545 0.999427 -0.019671 0.038000 -0.004279 0.019796 0.999795 0.000000 0.000000 0.000000 0.000000 1.000000
0.999627 -0.026268 0.007437 0.000000 0.026402 0.999479 -0.018555 0.038000 -0.006945 0.018745 0.999800 0.000000 0.000000 0.000000 0.000000 1.000000
0.999646 -0.025020 0.009051 0.000000 0.025176 0.999528 -0.017620 0.038000 -0.008606 0.017842 0.999804 0.000000 0.000000 0.000000 0.000000 1.000000
0.999681 -0.023497 0.009259 0.000000 0.023653 0.999574 -0.017080 0.038000 -0.008853 0.017293 0.999811 0.000000 0.000000 0.000000 0.000000 1.000000
0.999739 -0.021474 0.007830 0.000000 0.021606 0.999620 -0.017138 0.038000 -0.007459 0.017303 0.999822 -0.000000 0.000000 0.000000 0.000000 1.000000
0.999809 -0.018879 0.004957 0.000000 0.018965 0.999661 -0.017824 0.038000 -0.004618 0.017915 0.999829 -0.000000 0.000000 0.000000 0.000000 1.000000
0.999873 -0.015880 0.001171 -0.000000 0.015899 0.999695 -0.018921 0.038000 -0.000870 0.018937 0.999820 -0.000000 0.000000 0.000000 0.000000 1.000000
0.999914 -0.012784 -0.002869 0.000000 0.012724 0.999718 -0.020048 0.038000 0.003125 0.020010 0.999795 0.000000 0.000000 0.000000 0.000000 1.000000
0.999930 -0.009842 -0.006640 0.000000 0.009702 0.999736 -0.020850 0.038000 0.006843 0.020784 0.999761 0.000000 0.000000 0.000000 0.000000 1.000000
0.999925 -0.007119 -0.009927 0.000000 0.006907 0.999752 -0.021160 0.038000 0.010075 0.021090 0.999727 -0.000000 0.000000 0.000000 0.000000 1.000000
0.999908 -0.004530 -0.012808 0.000000 0.004259 0.999769 -0.021052 0.038000 0.012900 0.020996 0.999696 0.000000 0.000000 0.000000 0.000000 1.000000
0.999879 -0.002027 -0.015434 -0.000000 0.001706 0.999783 -0.020778 0.038000 0.015473 0.020750 0.999665 -0.000000 0.000000 0.000000 0.000000 1.000000
0.999842 0.000214 -0.017758 -0.000000 -0.000580 0.999787 -0.020627 0.038000 0.017750 0.020634 0.999630 -0.000000 0.000000 0.000000 0.000000 1.000000
0.999810 0.001734 -0.019404 0.000000 -0.002137 0.999782 -0.020755 0.038000 0.019363 0.020793 0.999596 -0.000000 0.000000 0.000000 0.000000 1.000000
0.999802 0.001934 -0.019790 0.000000 -0.002351 0.999775 -0.021064 0.038000 0.019745 0.021106 0.999582 0.000000 0.000000 0.000000 0.000000 1.000000
0.999830 0.000411 -0.018446 0.000000 -0.000803 0.999774 -0.021227 0.038000 0.018433 0.021238 0.999605 0.000000 0.000000 0.000000 0.000000 1.000000
0.999879 -0.002668 -0.015318 0.000000 0.002348 0.999779 -0.020914 0.038000 0.015371 0.020876 0.999664 -0.000000 0.000000 0.000000 0.000000 1.000000
0.999920 -0.006441 -0.010900 0.000000 0.006221 0.999779 -0.020079 0.038000 0.011027 0.020010 0.999739 0.000000 0.000000 0.000000 0.000000 1.000000
0.999935 -0.009654 -0.006125 0.000000 0.009535 0.999773 -0.019061 0.038000 0.006308 0.019002 0.999800 0.000000 0.000000 0.000000 0.000000 1.000000
0.999934 -0.011296 -0.002054 0.000000 0.011257 0.999768 -0.018375 0.038000 0.002261 0.018351 0.999829 -0.000000 0.000000 0.000000 0.000000 1.000000
0.999938 -0.011132 0.000528 0.000000 0.011140 0.999770 -0.018326 0.038000 -0.000324 0.018330 0.999832 -0.000000 0.000000 0.000000 0.000000 1.000000
0.999952 -0.009738 0.001430 -0.000000 0.009763 0.999776 -0.018796 0.038000 -0.001247 0.018809 0.999822 0.000000 0.000000 0.000000 0.000000 1.000000
0.999967 -0.008032 0.001114 0.000000 0.008052 0.999780 -0.019376 0.038000 -0.000958 0.019384 0.999812 0.000000 0.000000 0.000000 0.000000 1.000000
0.999978 -0.006696 0.000402 -0.000000 0.006703 0.999784 -0.019690 0.038000 -0.000270 0.019692 0.999806 -0.000000 0.000000 0.000000 0.000000 1.000000
0.999983 -0.005895 -0.000012 0.000000 0.005894 0.999790 -0.019640 0.038000 0.000128 0.019639 0.999807 0.000000 0.000000 0.000000 0.000000 1.000000
0.999985 -0.005407 0.000085 0.000000 0.005408 0.999798 -0.019380 0.038000 0.000020 0.019380 0.999812 0.000000 0.000000 0.000000 0.000000 1.000000
0.999988 -0.004940 0.000434 0.000000 0.004947 0.999805 -0.019133 0.038000 -0.000339 0.019135 0.999817 0.000000 0.000000 0.000000 0.000000 1.000000
0.999990 -0.004348 0.000631 -0.000000 0.004359 0.999810 -0.019007 0.038000 -0.000548 0.019010 0.999819 0.000000 0.000000 0.000000 0.000000 1.000000
0.999993 -0.003658 0.000477 0.000000 0.003666 0.999814 -0.018929 0.038000 -0.000408 0.018930 0.999821 -0.000000 0.000000 0.000000 0.000000 1.000000
0.999996 -0.002977 0.000074 0.000000 0.002978 0.999821 -0.018705 0.038000 -0.000018 0.018705 0.999825 -0.000000 0.000000 0.000000 0.000000 1.000000
0.999997 -0.002408 -0.000331 0.000000 0.002401 0.999833 -0.018138 0.038000 0.000374 0.018137 0.999835 -0.000000 0.000000 0.000000 0.000000 1.000000
0.999998 -0.002029 -0.000521 0.000000 0.002020 0.999850 -0.017176 0.038000 0.000556 0.017175 0.999852 0.000000 0.000000 0.000000 0.000000 1.000000
0.999998 -0.001951 -0.000508 0.000000 0.001943 0.999870 -0.015999 0.038000 0.000539 0.015998 0.999872 0.000000 0.000000 0.000000 0.000000 1.000000
0.999997 -0.002313 -0.000231 0.000000 0.002309 0.999885 -0.014983 0.038000 0.000266 0.014982 0.999888 0.000000 0.000000 0.000000 0.000000 1.000000
0.999995 -0.003191 0.000286 0.000000 0.003195 0.999889 -0.014533 0.038000 -0.000239 0.014533 0.999894 -0.000000 0.000000 0.000000 0.000000 1.000000
0.999989 -0.004516 0.000868 -0.000000 0.004528 0.999879 -0.014859 0.038000 -0.000801 0.014863 0.999889 -0.000000 0.000000 0.000000 0.000000 1.000000
0.999981 -0.006063 0.001225 -0.000000 0.006082 0.999856 -0.015845 0.038000 -0.001129 0.015852 0.999874 0.000000 0.000000 0.000000 0.000000 1.000000
0.999971 -0.007592 0.001028 -0.000000 0.007608 0.999825 -0.017114 0.038000 -0.000898 0.017121 0.999853 -0.000000 0.000000 0.000000 0.000000 1.000000
0.999959 -0.009038 0.000145 0.000000 0.009039 0.999793 -0.018253 0.038000 0.000020 0.018254 0.999833 0.000000 0.000000 0.000000 0.000000 1.000000
0.999943 -0.010582 -0.001209 0.000000 0.010557 0.999763 -0.019038 0.038000 0.001410 0.019024 0.999818 0.000000 0.000000 0.000000 0.000000 1.000000
0.999919 -0.012493 -0.002579 0.000000 0.012440 0.999732 -0.019506 0.038000 0.002822 0.019472 0.999806 0.000000 0.000000 0.000000 0.000000 1.000000
0.999883 -0.014855 -0.003588 0.000000 0.014781 0.999694 -0.019846 0.038000 0.003881 0.019791 0.999797 0.000000 0.000000 0.000000 0.000000 1.000000
0.999839 -0.017433 -0.004176 0.000000 0.017345 0.999645 -0.020219 0.038000 0.004527 0.020143 0.999787 -0.000000 0.000000 0.000000 0.000000 1.000000
0.999794 -0.019790 -0.004548 0.000000 0.019692 0.999593 -0.020642 0.038000 0.004955 0.020549 0.999777 -0.000000 0.000000 0.000000 0.000000 1.000000
0.999756 -0.021560 -0.004857 -0.000000 0.021454 0.999549 -0.021008 0.038000 0.005308 0.020899 0.999768 -0.000000 0.000000 0.000000 0.000000 1.000000
0.999731 -0.022674 -0.004926 0.000000 0.022564 0.999521 -0.021179 0.038000 0.005404 0.021062 0.999764 -0.000000 0.000000 0.000000 0.000000 1.000000
0.999717 -0.023386 -0.004271 0.000000 0.023291 0.999506 -0.021082 0.038000 0.004762 0.020977 0.999769 -0.000000 0.000000 0.000000 0.000000 1.000000
0.999705 -0.024154 -0.002422 0.000000 0.024098 0.999494 -0.020737 0.038000 0.002922 0.020673 0.999782 0.000000 0.000000 0.000000 0.000000 1.000000
0.999676 -0.025428 0.000725 0.000000 0.025438 0.999472 -0.020233 0.038000 -0.000210 0.020244 0.999795 0.000000 0.000000 0.000000 0.000000 1.000000
0.999611 -0.027455 0.004822 0.000000 0.027545 0.999427 -0.019671 0.038000 -0.004279 0.019796 0.999795 0.000000 0.000000 0.000000 0.000000 1.000000</float_array><technique_common><accessor source="#mixamorig_Spine2-Matrix-animation-output-transform-array" count="50" stride="16"><param type="float4x4"/></accessor></technique_common></source><source id="mixamorig_Spine2-Interpolations"><Name_array id="mixamorig_Spine2-Interpolations-array" count="50">
 LINEAR LINEAR LINEAR LINEAR LINEAR LINEAR LINEAR LINEAR LINEAR LINEAR LINEAR
LINEAR LINEAR LINEAR LINEAR LINEAR LINEAR LINEAR LINEAR LINEAR LINEAR LINEAR LINEAR
LINEAR LINEAR LINEAR LINEAR LINEAR LINEAR LINEAR LINEAR LINEAR LINEAR LINEAR LINEAR
LINEAR LINEAR LINEAR LINEAR LINEAR LINEAR LINEAR LINEAR LINEAR LINEAR LINEAR LINEAR
LINEAR LINEAR LINEAR</Name_array><technique_common><accessor source="#mixamorig_Spine2-Interpolations-array" count="50"><param type="name"/></accessor></technique_common></source><sampler id="mixamorig_Spine2-Matrix-animation-transform"><input semantic="INPUT" source="#mixamorig_Spine2-Matrix-animation-input"/><input semantic="OUTPUT" source="#mixamorig_Spine2-Matrix-animation-output-transform"/><input semantic="INTERPOLATION" source="#mixamorig_Spine2-Interpolations"/></sampler><channel source="#mixamorig_Spine2-Matrix-animation-transform" target="mixamorig_Spine2/matrix"/></animation>
    <animation id="mixamorig_Neck-anim" name="mixamorig_Neck"><source id="mixamorig_Neck-Matrix-animation-input"><float_array id="mixamorig_Neck-Matrix-animation-input-array" count="50">

0.000000 0.033333 0.066667 0.100000 0.133333 0.166667 0.200000 0.233333 0.266667 0.300000 0.333333 0.366667 0.400000 0.433333 0.466667 0.500000
0.533333 0.566667 0.600000 0.633333 0.666667 0.700000 0.733333 0.766667 0.800000 0.833333 0.866667 0.900000 0.933333 0.966667 1.000000 1.033333
1.066667 1.100000 1.133333 1.166667 1.200000 1.233333 1.266667 1.300000 1.333333 1.366667 1.400000 1.433333 1.466667 1.500000 1.533333 1.566667
1.600000 1.633333</float_array><technique_common><accessor source="#mixamorig_Neck-Matrix-animation-input-array" count="50"><param name="TIME" type="float"/></accessor></technique_common></source><source id="mixamorig_Neck-Matrix-animation-output-transform"><float_array id="mixamorig_Neck-Matrix-animation-output-transform-array" count="800">

0.999968 -0.007936 -0.001378 0.000000 0.007634 0.988335 -0.152101 0.042800 0.002569 0.152086 0.988364 0.000000 0.000000 0.000000 0.000000 1.000000
