<?xml version="1.0" encoding="utf-8"?>
<COLLADA xmlns="http://www.collada.org/2005/11/COLLADASchema" version="1.4.1">
  <asset><contributor><author>Mixamo</author><authoring_tool>COLLADA Mixamo exporter</authoring_tool><comments></comments></contributor><created>2014-08-29T16:11:01Z</created><modified>2014-08-29T16:11:01Z</modified><revision></revision><title></title><unit meter="0.025400"/><up_axis>Y_UP</up_axis></asset>
  <library_animations>
    <animation id="mixamorig_Hips-anim" name="mixamorig_Hips"><source id="mixamorig_Hips-Matrix-animation-input"><float_array id="mixamorig_Hips-Matrix-animation-input-array" count="32">

0.000000 0.033333 0.066667 0.100000 0.133333 0.166667 0.200000 0.233333 0.266667 0.300000 0.333333 0.366667 0.400000 0.433333 0.466667 0.500000
0.533333 0.566667 0.600000 0.633333 0.666667 0.700000 0.733333 0.766667 0.800000 0.833333 0.866667 0.900000 0.933333 0.966667 1.000000 1.033333</float_array><technique_common><accessor source="#mixamorig_Hips-Matrix-animation-input-array" count="32"><param name="TIME" type="float"/></accessor></technique_common></source><source id="mixamorig_Hips-Matrix-animation-output-transform"><float_array id="mixamorig_Hips-Matrix-animation-output-transform-array" count="512">

0.403776 -0.074728 -0.911801 0.000862 -0.001293 0.996611 -0.082251 0.361876 0.914857 0.034390 0.402311 0.000252 0.000000 0.000000 0.000000 1.000000
0.371663 -0.086897 -0.924292 -0.019585 0.007883 0.995869 -0.090457 0.361676 0.928334 0.026333 0.370813 0.001550 0.000000 0.000000 0.000000 1.000000
0.332827 -0.095183 -0.938172 -0.040580 0.001879 0.994958 -0.100278 0.358886 0.942986 0.031613 0.331328 0.003038 0.000000 0.000000 0.000000 1.000000
0.268756 -0.095713 -0.958441 -0.062516 -0.015847 0.994477 -0.103755 0.353751 0.963078 0.043073 0.265755 0.004322 0.000000 0.000000 0.000000 1.000000
0.190000 -0.093532 -0.977319 -0.085865 -0.040033 0.993886 -0.102900 0.345937 0.980968 0.058676 0.185094 0.005262 0.000000 0.000000 0.000000 1.000000
0.122650 -0.092678 -0.988113 -0.108315 -0.060092 0.993110 -0.100606 0.338765 0.990629 0.071717 0.116236 0.005478 0.000000 0.000000 0.000000 1.000000
0.093667 -0.095638 -0.991000 -0.130262 -0.065270 0.992644 -0.101965 0.332608 0.993462 0.074234 0.086735 0.005185 0.000000 0.000000 0.000000 1.000000
0.108211 -0.103814 -0.988693 -0.152933 -0.033265 0.993598 -0.107969 0.329587 0.993571 0.044572 0.104065 0.004723 0.000000 0.000000 0.000000 1.000000
0.144651 -0.109856 -0.983366 -0.176734 -0.002210 0.993779 -0.111344 0.328154 0.989480 0.018279 0.143508 0.004492 0.000000 0.000000 0.000000 1.000000
0.194963 -0.114659 -0.974086 -0.200786 0.024574 0.993403 -0.112015 0.328591 0.980503 -0.002099 0.196494 0.003940 0.000000 0.000000 0.000000 1.000000
0.251025 -0.118227 -0.960733 -0.222599 0.044020 0.992881 -0.110682 0.332073 0.966979 -0.014507 0.254443 0.003880 0.000000 0.000000 0.000000 1.000000
0.301930 -0.122003 -0.945491 -0.242277 0.059421 0.992257 -0.109062 0.337470 0.951476 -0.023253 0.306842 0.004044 0.000000 0.000000 0.000000 1.000000
0.340936 -0.124110 -0.931858 -0.261194 0.060889 0.992081 -0.109854 0.344280 0.938113 -0.019287 0.345793 0.003280 0.000000 0.000000 0.000000 1.000000
0.377155 -0.123824 -0.917835 -0.280117 0.047622 0.992304 -0.114302 0.351438 0.924925 -0.000600 0.380149 0.001983 0.000000 0.000000 0.000000 1.000000
0.399062 -0.127702 -0.907988 -0.298809 0.035747 0.991668 -0.123760 0.358206 0.916227 0.016931 0.400302 0.001011 0.000000 0.000000 0.000000 1.000000
0.404292 -0.129887 -0.905360 -0.317171 0.025524 0.991082 -0.130787 0.363356 0.914274 0.029767 0.404002 0.001519 0.000000 0.000000 0.000000 1.000000
0.407168 -0.132165 -0.903740 -0.335579 0.021780 0.990599 -0.135055 0.365861 0.913094 0.035307 0.406219 0.002835 0.000000 0.000000 0.000000 1.000000
0.414051 -0.138433 -0.899666 -0.354687 0.028543 0.989856 -0.139174 0.365276 0.909806 0.031946 0.413802 0.003836 0.000000 0.000000 0.000000 1.000000
0.427568 -0.149117 -0.891600 -0.374768 0.045747 0.988606 -0.143403 0.361672 0.902825 0.020527 0.429518 0.004509 0.000000 0.000000 0.000000 1.000000
0.452582 -0.158790 -0.877471 -0.396757 0.074052 0.987311 -0.140473 0.354609 0.888643 -0.001403 0.458598 0.004915 0.000000 0.000000 0.000000 1.000000
0.475931 -0.161072 -0.864607 -0.418377 0.092796 0.986795 -0.132755 0.348056 0.874574 -0.017050 0.484593 0.005430 0.000000 0.000000 0.000000 1.000000
0.484354 -0.160248 -0.860071 -0.439035 0.098035 0.986832 -0.128657 0.342539 0.869362 -0.022002 0.493686 0.005608 0.000000 0.000000 0.000000 1.000000
0.482999 -0.144740 -0.863576 -0.461017 0.080787 0.989403 -0.120645 0.338365 0.871886 -0.011494 0.489573 0.005238 0.000000 0.000000 0.000000 1.000000
0.484806 -0.116884 -0.866776 -0.485230 0.046527 0.993073 -0.107892 0.335478 0.873383 0.011978 0.486886 0.004037 0.000000 0.000000 0.000000 1.000000
0.485100 -0.104446 -0.868199 -0.509151 0.019737 0.993896 -0.108540 0.333499 0.874236 0.035517 0.484201 0.002210 0.000000 0.000000 0.000000 1.000000
0.482034 -0.098235 -0.870628 -0.532197 0.000443 0.993722 -0.111878 0.333235 0.876152 0.053543 0.479051 0.000517 0.000000 0.000000 0.000000 1.000000
0.488576 -0.080946 -0.868758 -0.554756 -0.023393 0.994114 -0.105781 0.336070 0.872208 0.072005 0.483807 -0.000907 0.000000 0.000000 0.000000 1.000000
0.489059 -0.070974 -0.869358 -0.576402 -0.033665 0.994406 -0.100120 0.340886 0.871601 0.078231 0.483934 -0.001769 0.000000 0.000000 0.000000 1.000000
0.467732 -0.069862 -0.881105 -0.597429 -0.030451 0.995006 -0.095058 0.347417 0.883346 0.071292 0.463268 -0.001891 0.000000 0.000000 0.000000 1.000000
0.443707 -0.067368 -0.893636 -0.618279 -0.026243 0.995766 -0.088097 0.353848 0.895788 0.062540 0.440061 -0.001373 0.000000 0.000000 0.000000 1.000000
0.426171 -0.067686 -0.902107 -0.638720 -0.017255 0.996407 -0.082913 0.359072 0.904478 0.050901 0.423472 -0.000644 0.000000 0.000000 0.000000 1.000000
0.403776 -0.074728 -0.911801 -0.658943 -0.001293 0.996611 -0.082251 0.361876 0.914857 0.034390 0.402311 0.000252 0.000000 0.000000 0.000000 1.000000</float_array><technique_common><accessor source="#mixamorig_Hips-Matrix-animation-output-transform-array" count="32" stride="16"><param type="float4x4"/></accessor></technique_common></source><source id="mixamorig_Hips-Interpolations"><Name_array id="mixamorig_Hips-Interpolations-array" count="32">
 LINEAR LINEAR LINEAR LINEAR LINEAR LINEAR LINEAR LINEAR LINEAR LINEAR LINEAR
LINEAR LINEAR LINEAR LINEAR LINEAR LINEAR LINEAR LINEAR LINEAR LINEAR LINEAR LINEAR
LINEAR LINEAR LINEAR LINEAR LINEAR LINEAR LINEAR LINEAR LINEAR</Name_array><technique_common><accessor source="#mixamorig_Hips-Interpolations-array" count="32"><param type="name"/></accessor></technique_common></source><sampler id="mixamorig_Hips-Matrix-animation-transform"><input semantic="INPUT" source="#mixamorig_Hips-Matrix-animation-input"/><input semantic="OUTPUT" source="#mixamorig_Hips-Matrix-animation-output-transform"/><input semantic="INTERPOLATION" source="#mixamorig_Hips-Interpolations"/></sampler><channel source="#mixamorig_Hips-Matrix-animation-transform" target="mixamorig_Hips/matrix"/></animation>
    <animation id="mixamorig_Spine-anim" name="mixamorig_Spine"><source id="mixamorig_Spine-Matrix-animation-input"><float_array id="mixamorig_Spine-Matrix-animation-input-array" count="32">

0.000000 0.033333 0.066667 0.100000 0.133333 0.166667 0.200000 0.233333 0.266667 0.300000 0.333333 0.366667 0.400000 0.433333 0.466667 0.500000
0.533333 0.566667 0.600000 0.633333 0.666667 0.700000 0.733333 0.766667 0.800000 0.833333 0.866667 0.900000 0.933333 0.966667 1.000000 1.033333</float_array><technique_common><accessor source="#mixamorig_Spine-Matrix-animation-input-array" count="32"><param name="TIME" type="float"/></accessor></technique_common></source><source id="mixamorig_Spine-Matrix-animation-output-transform"><float_array id="mixamorig_Spine-Matrix-animation-output-transform-array" count="512">

0.991808 0.006825 0.127553 0.000000 -0.000618 0.998816 -0.048638 0.028500 -0.127734 0.048160 0.990638 -0.001600 0.000000 0.000000 0.000000 1.000000
0.988119 0.020204 0.152354 0.000000 -0.013245 0.998828 -0.046558 0.028500 -0.153116 0.043987 0.987229 -0.001600 0.000000 0.000000 0.000000 1.000000
0.982421 0.017247 0.185883 0.000000 -0.010009 0.999157 -0.039806 0.028500 -0.186412 0.037246 0.981765 -0.001600 0.000000 0.000000 0.000000 1.000000
0.970412 0.009626 0.241263 -0.000000 -0.001421 0.999415 -0.034159 0.028500 -0.241450 0.032806 0.969858 -0.001600 0.000000 0.000000 0.000000 1.000000
0.953166 0.001053 0.302446 0.000000 0.006974 0.999652 -0.025458 0.028500 -0.302367 0.026375 0.952827 -0.001600 0.000000 0.000000 0.000000 1.000000
0.936381 -0.004379 0.350958 -0.000000 0.013763 0.999611 -0.024248 0.028500 -0.350715 0.027536 0.936077 -0.001600 0.000000 0.000000 0.000000 1.000000
0.927791 -0.001278 0.373098 -0.000000 0.012070 0.999574 -0.026589 0.028500 -0.372905 0.029172 0.927411 -0.001600 0.000000 0.000000 0.000000 1.000000
0.931320 0.033232 0.362681 0.000000 -0.022402 0.999170 -0.034027 0.028500 -0.363511 0.023565 0.931292 -0.001600 0.000000 0.000000 0.000000 1.000000
0.936082 0.060315 0.346573 0.000000 -0.050200 0.998012 -0.038100 0.028500 -0.348182 0.018266 0.937249 -0.001600 0.000000 0.000000 0.000000 1.000000
0.940990 0.081797 0.328401 0.000000 -0.072717 0.996556 -0.039856 0.028500 -0.330530 0.013624 0.943697 -0.001600 0.000000 0.000000 0.000000 1.000000
0.953449 0.087005 0.288731 0.000000 -0.077679 0.996023 -0.043627 0.028500 -0.291379 0.019168 0.956416 -0.001600 0.000000 0.000000 0.000000 1.000000
0.968758 0.083002 0.233706 0.000000 -0.073815 0.996126 -0.047804 0.028500 -0.236768 0.029060 0.971131 -0.001600 0.000000 0.000000 0.000000 1.000000
0.978417 0.073775 0.193020 0.000000 -0.064861 0.996533 -0.052112 0.028500 -0.196195 0.038467 0.979810 -0.001600 0.000000 0.000000 0.000000 1.000000
0.985496 0.053341 0.161098 0.000000 -0.045343 0.997569 -0.052920 0.028500 -0.163529 0.044848 0.985519 -0.001600 0.000000 0.000000 0.000000 1.000000
0.989573 0.033499 0.140085 0.000000 -0.026503 0.998321 -0.051508 0.028500 -0.141575 0.047258 0.988799 -0.001600 0.000000 0.000000 0.000000 1.000000
0.991462 0.017138 0.129268 0.000000 -0.010682 0.998669 -0.050466 0.028500 -0.129960 0.048655 0.990325 -0.001600 0.000000 0.000000 0.000000 1.000000
0.992940 0.009449 0.118238 0.000000 -0.003635 0.998777 -0.049299 0.028500 -0.118559 0.048521 0.991761 -0.001600 0.000000 0.000000 0.000000 1.000000
0.994596 0.013883 0.102888 -0.000000 -0.008947 0.998794 -0.048281 0.028500 -0.103434 0.047100 0.993521 -0.001600 0.000000 0.000000 0.000000 1.000000
0.996380 0.028580 0.080066 -0.000000 -0.025020 0.998668 -0.045116 0.028500 -0.081248 0.042949 0.995768 -0.001600 0.000000 0.000000 0.000000 1.000000
0.997429 0.051684 0.049649 -0.000000 -0.049652 0.997911 -0.041321 0.028500 -0.051681 0.038750 0.997912 -0.001600 0.000000 0.000000 0.000000 1.000000
0.997877 0.058527 0.028577 0.000000 -0.057303 0.997476 -0.041932 0.028500 -0.030959 0.040206 0.998712 -0.001600 0.000000 0.000000 0.000000 1.000000
0.998392 0.052396 0.021648 0.000000 -0.051402 0.997701 -0.044162 0.028500 -0.023913 0.042978 0.998790 -0.001600 0.000000 0.000000 0.000000 1.000000
0.999210 0.030735 0.025177 0.000000 -0.029532 0.998465 -0.046850 0.028500 -0.026579 0.046069 0.998585 -0.001600 0.000000 0.000000 0.000000 1.000000
0.999453 -0.000969 0.033063 0.000000 0.002496 0.998931 -0.046168 0.028500 -0.032983 0.046225 0.998386 -0.001600 0.000000 0.000000 0.000000 1.000000
0.998812 -0.024792 0.041950 0.000000 0.026420 0.998901 -0.038702 0.028500 -0.040944 0.039765 0.998370 -0.001600 0.000000 0.000000 0.000000 1.000000
0.998006 -0.040624 0.048315 0.000000 0.042405 0.998436 -0.036424 0.028500 -0.046759 0.038400 0.998168 -0.001600 0.000000 0.000000 0.000000 1.000000
0.996941 -0.058436 0.051911 0.000000 0.060582 0.997330 -0.040774 0.028500 -0.049390 0.043794 0.997819 -0.001600 0.000000 0.000000 0.000000 1.000000
0.996174 -0.060356 0.063203 -0.000000 0.063121 0.997092 -0.042708 0.028500 -0.060442 0.046534 0.997086 -0.001600 0.000000 0.000000 0.000000 1.000000
0.995376 -0.045336 0.084687 0.000000 0.049169 0.997832 -0.043737 0.028500 -0.082520 0.047699 0.995447 -0.001600 0.000000 0.000000 0.000000 1.000000
0.994274 -0.030411 0.102447 0.000000 0.035181 0.998364 -0.045078 0.028500 -0.100908 0.048424 0.993717 -0.001600 0.000000 0.000000 0.000000 1.000000
0.993439 -0.014365 0.113456 0.000000 0.019806 0.998699 -0.046981 0.028500 -0.112634 0.048920 0.992432 -0.001600 0.000000 0.000000 0.000000 1.000000
0.991808 0.006825 0.127554 0.000000 -0.000618 0.998816 -0.048638 0.028500 -0.127735 0.048160 0.990638 -0.001600 0.000000 0.000000 0.000000 1.000000</float_array><technique_common><accessor source="#mixamorig_Spine-Matrix-animation-output-transform-array" count="32" stride="16"><param type="float4x4"/></accessor></technique_common></source><source id="mixamorig_Spine-Interpolations"><Name_array id="mixamorig_Spine-Interpolations-array" count="32">
 LINEAR LINEAR LINEAR LINEAR LINEAR LINEAR LINEAR LINEAR LINEAR LINEAR LINEAR
LINEAR LINEAR LINEAR LINEAR LINEAR LINEAR LINEAR LINEAR LINEAR LINEAR LINEAR LINEAR
LINEAR LINEAR LINEAR LINEAR LINEAR LINEAR LINEAR LINEAR LINEAR</Name_array><technique_common><accessor source="#mixamorig_Spine-Interpolations-array" count="32"><param type="name"/></accessor></technique_common></source><sampler id="mixamorig_Spine-Matrix-animation-transform"><input semantic="INPUT" source="#mixamorig_Spine-Matrix-animation-input"/><input semantic="OUTPUT" source="#mixamorig_Spine-Matrix-animation-output-transform"/><input semantic="INTERPOLATION" source="#mixamorig_Spine-Interpolations"/></sampler><channel source="#mixamorig_Spine-Matrix-animation-transform" target="mixamorig_Spine/matrix"/></animation>
    <animation id="mixamorig_Spine1-anim" name="mixamorig_Spine1"><source id="mixamorig_Spine1-Matrix-animation-input"><float_array id="mixamorig_Spine1-Matrix-animation-input-array" count="32">

0.000000 0.033333 0.066667 0.100000 0.133333 0.166667 0.200000 0.233333 0.266667 0.300000 0.333333 0.366667 0.400000 0.433333 0.466667 0.500000
0.533333 0.566667 0.600000 0.633333 0.666667 0.700000 0.733333 0.766667 0.800000 0.833333 0.866667 0.900000 0.933333 0.966667 1.000000 1.033333</float_array><technique_common><accessor source="#mixamorig_Spine1-Matrix-animation-input-array" count="32"><param name="TIME" type="float"/></accessor></technique_common></source><source id="mixamorig_Spine1-Matrix-animation-output-transform"><float_array id="mixamorig_Spine1-Matrix-animation-output-transform-array" count="512">

0.996539 0.002570 0.083083 -0.000000 0.003507 0.997332 -0.072920 0.033300 -0.083049 0.072959 0.993871 0.000000 0.000000 0.000000 0.000000 1.000000
0.995905 0.010622 0.089775 0.000000 -0.004269 0.997491 -0.070666 0.033300 -0.090300 0.069993 0.993452 -0.000000 0.000000 0.000000 0.000000 1.000000
0.995092 0.013052 0.098092 0.000000 -0.006602 0.997811 -0.065796 0.033300 -0.098736 0.064825 0.993000 -0.000000 0.000000 0.000000 0.000000 1.000000
0.994179 0.010109 0.107264 0.000000 -0.003573 0.998134 -0.060951 0.033300 -0.107680 0.060213 0.992361 -0.000000 0.000000 0.000000 0.000000 1.000000
0.993109 0.005901 0.117047 0.000000 0.000648 0.998440 -0.055838 0.033300 -0.117193 0.055529 0.991555 -0.000000 0.000000 0.000000 0.000000 1.000000
0.992213 0.003849 0.124491 0.000000 0.002935 0.998522 -0.054263 0.033300 -0.124516 0.054206 0.990736 0.000000 0.000000 0.000000 0.000000 1.000000
0.991843 0.007284 0.127256 -0.000000 0.000006 0.998363 -0.057194 0.033300 -0.127464 0.056728 0.990220 0.000000 0.000000 0.000000 0.000000 1.000000
0.991702 0.017174 0.127408 0.000000 -0.009646 0.998184 -0.059470 0.033300 -0.128198 0.057747 0.990066 0.000000 0.000000 0.000000 0.000000 1.000000
0.991937 0.028692 0.123443 0.000000 -0.021611 0.998064 -0.058325 0.033300 -0.124877 0.055187 0.990636 0.000000 0.000000 0.000000 0.000000 1.000000
0.992242 0.039165 0.117988 0.000000 -0.032261 0.997685 -0.059874 0.033300 -0.120059 0.055603 0.991208 0.000000 0.000000 0.000000 0.000000 1.000000
0.991733 0.044648 0.120298 -0.000000 -0.037092 0.997239 -0.064329 0.033300 -0.122838 0.059335 0.990651 0.000000 0.000000 0.000000 0.000000 1.000000
0.991200 0.046098 0.124091 0.000000 -0.037933 0.997007 -0.067373 0.033300 -0.126825 0.062073 0.989981 -0.000000 0.000000 0.000000 0.000000 1.000000
0.992117 0.041774 0.118145 0.000000 -0.033571 0.996941 -0.070583 0.033300 -0.120732 0.066060 0.990485 0.000000 0.000000 0.000000 0.000000 1.000000
0.993760 0.033660 0.106344 0.000000 -0.025946 0.996987 -0.073100 0.033300 -0.108484 0.069885 0.991639 0.000000 0.000000 0.000000 0.000000 1.000000
0.995157 0.025443 0.094953 0.000000 -0.018397 0.997062 -0.074355 0.033300 -0.096566 0.072248 0.992701 -0.000000 0.000000 0.000000 0.000000 1.000000
0.996084 0.016945 0.086769 -0.000000 -0.010420 0.997121 -0.075106 0.033300 -0.087791 0.073908 0.993393 0.000000 0.000000 0.000000 0.000000 1.000000
0.996586 0.010664 0.081865 0.000000 -0.004514 0.997178 -0.074938 0.033300 -0.082433 0.074313 0.993822 -0.000000 0.000000 0.000000 0.000000 1.000000
0.996867 0.007728 0.078717 0.000000 -0.001905 0.997272 -0.073784 0.033300 -0.079072 0.073402 0.994163 0.000000 0.000000 0.000000 0.000000 1.000000
0.997230 0.009679 0.073754 0.000000 -0.004471 0.997505 -0.070448 0.033300 -0.074252 0.069923 0.994785 0.000000 0.000000 0.000000 0.000000 1.000000
0.997689 0.016390 0.065944 -0.000000 -0.012054 0.997772 -0.065614 0.033300 -0.066872 0.064668 0.995664 0.000000 0.000000 0.000000 0.000000 1.000000
0.998066 0.020876 0.058556 0.000000 -0.017017 0.997698 -0.065645 0.033300 -0.059792 0.064521 0.996123 0.000000 0.000000 0.000000 0.000000 1.000000
0.998333 0.020249 0.054042 0.000000 -0.016564 0.997562 -0.067795 0.033300 -0.055283 0.066787 0.996235 -0.000000 0.000000 0.000000 0.000000 1.000000
0.998517 0.012575 0.052974 0.000000 -0.008817 0.997466 -0.070589 0.033300 -0.053728 0.070018 0.996098 0.000000 0.000000 0.000000 0.000000 1.000000
0.998496 0.002274 0.054784 0.000000 0.001670 0.997415 -0.071838 0.033300 -0.054805 0.071821 0.995911 -0.000000 0.000000 0.000000 0.000000 1.000000
0.998250 -0.004288 0.058979 0.000000 0.008346 0.997600 -0.068735 0.033300 -0.058542 0.069107 0.995890 0.000000 0.000000 0.000000 0.000000 1.000000
0.998039 -0.012410 0.061349 0.000000 0.016594 0.997536 -0.068161 0.033300 -0.060352 0.069046 0.995786 -0.000000 0.000000 0.000000 0.000000 1.000000
0.997999 -0.023246 0.058794 0.000000 0.027418 0.997087 -0.071177 0.033300 -0.056968 0.072646 0.995729 0.000000 0.000000 0.000000 0.000000 1.000000
0.997850 -0.024398 0.060831 0.000000 0.028769 0.996986 -0.072051 0.033300 -0.058890 0.073646 0.995544 0.000000 0.000000 0.000000 0.000000 1.000000
0.997348 -0.017981 0.070524 0.000000 0.023069 0.997137 -0.072009 0.033300 -0.069027 0.073445 0.994908 0.000000 0.000000 0.000000 0.000000 1.000000
0.996927 -0.012438 0.077339 -0.000000 0.018021 0.997248 -0.071919 0.033300 -0.076231 0.073092 0.994408 0.000000 0.000000 0.000000 0.000000 1.000000
0.996816 -0.006324 0.079484 0.000000 0.012112 0.997292 -0.072538 0.033300 -0.078810 0.073269 0.994193 0.000000 0.000000 0.000000 0.000000 1.000000
0.996539 0.002570 0.083083 0.000000 0.003507 0.997332 -0.072920 0.033300 -0.083048 0.072959 0.993871 0.000000 0.000000 0.000000 0.000000 1.000000</float_array><technique_common><accessor source="#mixamorig_Spine1-Matrix-animation-output-transform-array" count="32" stride="16"><param type="float4x4"/></accessor></technique_common></source><source id="mixamorig_Spine1-Interpolations"><Name_array id="mixamorig_Spine1-Interpolations-array" count="32">
 LINEAR LINEAR LINEAR LINEAR LINEAR LINEAR LINEAR LINEAR LINEAR LINEAR LINEAR
LINEAR LINEAR LINEAR LINEAR LINEAR LINEAR LINEAR LINEAR LINEAR LINEAR LINEAR LINEAR
LINEAR LINEAR LINEAR LINEAR LINEAR LINEAR LINEAR LINEAR LINEAR</Name_array><technique_common><accessor source="#mixamorig_Spine1-Interpolations-array" count="32"><param type="name"/></accessor></technique_common></source><sampler id="mixamorig_Spine1-Matrix-animation-transform"><input semantic="INPUT" source="#mixamorig_Spine1-Matrix-animation-input"/><input semantic="OUTPUT" source="#mixamorig_Spine1-Matrix-animation-output-transform"/><input semantic="INTERPOLATION" source="#mixamorig_Spine1-Interpolations"/></sampler><channel source="#mixamorig_Spine1-Matrix-animation-transform" target="mixamorig_Spine1/matrix"/></animation>
    <animation id="mixamorig_Spine2-anim" name="mixamorig_Spine2"><source id="mixamorig_Spine2-Matrix-animation-input"><float_array id="mixamorig_Spine2-Matrix-animation-input-array" count="32">

0.000000 0.033333 0.066667 0.100000 0.133333 0.166667 0.200000 0.233333 0.266667 0.300000 0.333333 0.366667 0.400000 0.433333 0.466667 0.500000
0.533333 0.566667 0.600000 0.633333 0.666667 0.700000 0.733333 0.766667 0.800000 0.833333 0.866667 0.900000 0.933333 0.966667 1.000000 1.033333</float_array><technique_common><accessor source="#mixamorig_Spine2-Matrix-animation-input-array" count="32"><param name="TIME" type="float"/></accessor></technique_common></source><source id="mixamorig_Spine2-Matrix-animation-output-transform"><float_array id="mixamorig_Spine2-Matrix-animation-output-transform-array" count="512">

0.996504 0.002199 0.083521 0.000000 0.003872 0.997364 -0.072454 0.038000 -0.083460 0.072524 0.993868 -0.000000 0.000000 0.000000 0.000000 1.000000
0.995853 0.010345 0.090390 0.000000 -0.004012 0.997542 -0.069962 0.038000 -0.090891 0.069309 0.993446 0.000000 0.000000 0.000000 0.000000 1.000000
0.995014 0.013038 0.098875 0.000000 -0.006645 0.997881 -0.064718 0.038000 -0.099509 0.063739 0.992993 0.000000 0.000000 0.000000 0.000000 1.000000
0.994088 0.010499 0.108069 0.000000 -0.004057 0.998211 -0.059657 0.038000 -0.108502 0.058866 0.992352 0.000000 0.000000 0.000000 0.000000 1.000000
0.993016 0.006930 0.117779 0.000000 -0.000495 0.998509 -0.054581 0.038000 -0.117981 0.054142 0.991539 0.000000 0.000000 0.000000 0.000000 1.000000
0.992116 0.005056 0.125225 -0.000000 0.001591 0.998597 -0.052928 0.038000 -0.125317 0.052710 0.990716 -0.000000 0.000000 0.000000 0.000000 1.000000
0.991743 0.008186 0.127977 0.000000 -0.001052 0.998446 -0.055715 0.038000 -0.128234 0.055120 0.990211 0.000000 0.000000 0.000000 0.000000 1.000000
0.991614 0.017518 0.128042 -0.000000 -0.010150 0.998266 -0.057975 0.038000 -0.128836 0.056189 0.990073 0.000000 0.000000 0.000000 0.000000 1.000000
0.991858 0.028613 0.124096 0.000000 -0.021696 0.998154 -0.056733 0.038000 -0.125490 0.053579 0.990647 -0.000000 0.000000 0.000000 0.000000 1.000000
0.992179 0.039082 0.118551 0.000000 -0.032314 0.997765 -0.058485 0.038000 -0.120571 0.054197 0.991224 -0.000000 0.000000 0.000000 0.000000 1.000000
0.991673 0.044577 0.120819 0.000000 -0.037157 0.997322 -0.062989 0.038000 -0.123303 0.057975 0.990674 -0.000000 0.000000 0.000000 0.000000 1.000000
0.991144 0.046104 0.124534 -0.000000 -0.038078 0.997088 -0.066078 0.038000 -0.127217 0.060751 0.990013 -0.000000 0.000000 0.000000 0.000000 1.000000
0.992069 0.041853 0.118523 0.000000 -0.033751 0.997006 -0.069563 0.038000 -0.121079 0.065011 0.990512 0.000000 0.000000 0.000000 0.000000 1.000000
0.993718 0.033663 0.106727 -0.000000 -0.026002 0.997038 -0.072380 0.038000 -0.108847 0.069150 0.991650 0.000000 0.000000 0.000000 0.000000 1.000000
0.995121 0.025229 0.095387 0.000000 -0.018200 0.997103 -0.073856 0.038000 -0.096974 0.071760 0.992697 0.000000 0.000000 0.000000 0.000000 1.000000
0.996049 0.016567 0.087251 -0.000000 -0.010044 0.997157 -0.074677 0.038000 -0.088240 0.073506 0.993383 -0.000000 0.000000 0.000000 0.000000 1.000000
0.996555 0.010168 0.082308 0.000000 -0.004017 0.997209 -0.074556 0.038000 -0.082837 0.073968 0.993814 -0.000000 0.000000 0.000000 0.000000 1.000000
0.996849 0.007192 0.078993 0.000000 -0.001367 0.997291 -0.073545 0.038000 -0.079308 0.073206 0.994159 0.000000 0.000000 0.000000 0.000000 1.000000
0.997232 0.009237 0.073781 0.000000 -0.004028 0.997508 -0.070434 0.038000 -0.074248 0.069942 0.994784 0.000000 0.000000 0.000000 0.000000 1.000000
0.997717 0.016227 0.065562 0.000000 -0.011896 0.997754 -0.065922 0.038000 -0.066485 0.064992 0.995669 0.000000 0.000000 0.000000 0.000000 1.000000
0.998097 0.020836 0.058044 0.000000 -0.016989 0.997675 -0.066004 0.038000 -0.059284 0.064892 0.996130 0.000000 0.000000 0.000000 0.000000 1.000000
0.998355 0.020178 0.053672 0.000000 -0.016504 0.997546 -0.068040 0.038000 -0.054913 0.067043 0.996238 0.000000 0.000000 0.000000 0.000000 1.000000
0.998526 0.012433 0.052832 -0.000000 -0.008679 0.997460 -0.070695 0.038000 -0.053577 0.070132 0.996098 0.000000 0.000000 0.000000 0.000000 1.000000
0.998492 0.001992 0.054865 -0.000000 0.001954 0.997418 -0.071791 0.038000 -0.054867 0.071790 0.995910 0.000000 0.000000 0.000000 0.000000 1.000000
0.998227 -0.004810 0.059321 0.000000 0.008874 0.997616 -0.068438 0.038000 -0.058851 0.068843 0.995890 -0.000000 0.000000 0.000000 0.000000 1.000000
0.997997 -0.013067 0.061895 0.000000 0.017254 0.997563 -0.067598 0.038000 -0.060861 0.068530 0.995791 0.000000 0.000000 0.000000 0.000000 1.000000
0.997953 -0.023840 0.059345 0.000000 0.028017 0.997113 -0.070572 0.038000 -0.057492 0.072090 0.995740 -0.000000 0.000000 0.000000 0.000000 1.000000
0.997812 -0.024911 0.061244 0.000000 0.029283 0.997006 -0.071563 0.038000 -0.059278 0.073200 0.995554 -0.000000 0.000000 0.000000 0.000000 1.000000
0.997321 -0.018445 0.070791 0.000000 0.023528 0.997152 -0.071653 0.038000 -0.069267 0.073127 0.994914 0.000000 0.000000 0.000000 0.000000 1.000000
0.996904 -0.012807 0.077583 0.000000 0.018384 0.997263 -0.071608 0.038000 -0.076454 0.072813 0.994411 -0.000000 0.000000 0.000000 0.000000 1.000000
0.996787 -0.006671 0.079814 0.000000 0.012453 0.997315 -0.072164 0.038000 -0.079119 0.072926 0.994194 0.000000 0.000000 0.000000 0.000000 1.000000
0.996504 0.002199 0.083521 0.000000 0.003872 0.997364 -0.072454 0.038000 -0.083460 0.072524 0.993869 -0.000000 0.000000 0.000000 0.000000 1.000000</float_array><technique_common><accessor source="#mixamorig_Spine2-Matrix-animation-output-transform-array" count="32" stride="16"><param type="float4x4"/></accessor></technique_common></source><source id="mixamorig_Spine2-Interpolations"><Name_array id="mixamorig_Spine2-Interpolations-array" count="32">
 LINEAR LINEAR LINEAR LINEAR LINEAR LINEAR LINEAR LINEAR LINEAR LINEAR LINEAR
LINEAR LINEAR LINEAR LINEAR LINEAR LINEAR LINEAR LINEAR LINEAR LINEAR LINEAR LINEAR
LINEAR LINEAR LINEAR LINEAR LINEAR LINEAR LINEAR LINEAR LINEAR</Name_array><technique_common><accessor source="#mixamorig_Spine2-Interpolations-array" count="32"><param type="name"/></accessor></technique_common></source><sampler id="mixamorig_Spine2-Matrix-animation-transform"><input semantic="INPUT" source="#mixamorig_Spine2-Matrix-animation-input"/><input semantic="OUTPUT" source="#mixamorig_Spine2-Matrix-animation-output-transform"/><input semantic="INTERPOLATION" source="#mixamorig_Spine2-Interpolations"/></sampler><channel source="#mixamorig_Spine2-Matrix-animation-transform" target="mixamorig_Spine2/matrix"/></animation>
    <animation id="mixamorig_Neck-anim" name="mixamorig_Neck"><source id="mixamorig_Neck-Matrix-animation-input"><float_array id="mixamorig_Neck-Matrix-animation-input-array" count="32">

0.000000 0.033333 0.066667 0.100000 0.133333 0.166667 0.200000 0.233333 0.266667 0.300000 0.333333 0.366667 0.400000 0.433333 0.466667 0.500000
0.533333 0.566667 0.600000 0.633333 0.666667 0.700000 0.733333 0.766667 0.800000 0.833333 0.866667 0.900000 0.933333 0.966667 1.000000 1.033333</float_array><technique_common><accessor source="#mixamorig_Neck-Matrix-animation-input-array" count="32"><param name="TIME" type="float"/></accessor></technique_common></source><source id="mixamorig_Neck-Matrix-animation-output-transform"><float_array id="mixamorig_Neck-Matrix-animation-output-transform-array" count="512">

0.994658 -0.032993 0.097806 0.000000 0.046231 0.989583 -0.136337 0.042800 -0.092289 0.140130 0.985823 -0.000000 0.000000 0.000000 0.000000 1.000000
0.994720 -0.031799 0.097579 0.000000 0.045071 0.989547 -0.136985 0.042800 -0.092203 0.140660 0.985755 0.000000 0.000000 0.000000 0.000000 1.000000
0.994858 -0.026725 0.097691 0.000000 0.039995 0.989830 -0.136514 0.042800 -0.093049 0.139719 0.985810 -0.000000 0.000000 0.000000 0.000000 1.000000
0.994889 -0.022706 0.098385 0.000000 0.035755 0.990475 -0.132968 0.042800 -0.094429 0.135806 0.986225 -0.000000 0.000000 0.000000 0.000000 1.000000
0.994727 -0.023757 0.099773 -0.000000 0.036509 0.991102 -0.127999 0.042800 -0.095844 0.130967 0.986743 0.000000 0.000000 0.000000 0.000000 1.000000
0.994542 -0.022921 0.101789 -0.000000 0.035319 0.991935 -0.121729 0.042800 -0.098178 0.124660 0.987330 -0.000000 0.000000 0.000000 0.000000 1.000000
0.994452 -0.020806 0.103114 0.000000 0.033098 0.992346 -0.118970 0.042800 -0.099850 0.121723 0.987529 -0.000000 0.000000 0.000000 0.000000 1.000000
0.994459 -0.023110 0.102550 0.000000 0.035288 0.992317 -0.118584 0.042800 -0.099022 0.121545 0.987634 -0.000000 0.000000 0.000000 0.000000 1.000000
0.994643 -0.022863 0.100812 0.000000 0.034945 0.992188 -0.119755 0.042800 -0.097287 0.122637 0.987672 0.000000 0.000000 0.000000 0.000000 1.000000
0.994863 -0.025498 0.097965 -0.000000 0.037288 0.992016 -0.120470 0.042800 -0.094111 0.123504 0.987871 0.000000 0.000000 0.000000 0.000000 1.000000
0.995082 -0.018838 0.097252 0.000000 0.031042 0.991601 -0.125550 0.042800 -0.094070 0.127952 0.987309 -0.000000 0.000000 0.000000 0.000000 1.000000
0.994990 -0.009435 0.099524 0.000000 0.022467 0.991175 -0.130644 0.042800 -0.097413 0.132226 0.986421 0.000000 0.000000 0.000000 0.000000 1.000000
0.994826 -0.008748 0.101219 0.000000 0.021959 0.991251 -0.130154 0.042800 -0.099194 0.131703 0.986314 0.000000 0.000000 0.000000 0.000000 1.000000
0.994725 -0.008717 0.102206 0.000000 0.022392 0.990806 -0.133428 0.042800 -0.100103 0.135013 0.985774 0.000000 0.000000 0.000000 0.000000 1.000000
0.994580 -0.007156 0.103725 0.000000 0.021604 0.990078 -0.138850 0.042800 -0.101702 0.140338 0.984866 0.000000 0.000000 0.000000 0.000000 1.000000
0.994457 -0.005770 0.104990 0.000000 0.020390 0.990122 -0.138716 0.042800 -0.103153 0.140088 0.984751 -0.000000 0.000000 0.000000 0.000000 1.000000
0.994383 -0.007612 0.105570 0.000000 0.021949 0.990559 -0.135322 0.042800 -0.103543 0.136879 0.985161 -0.000000 0.000000 0.000000 0.000000 1.000000
0.994298 -0.011063 0.106065 0.000000 0.024886 0.991215 -0.129896 0.042800 -0.103696 0.131794 0.985838 0.000000 0.000000 0.000000 0.000000 1.000000
0.994118 -0.014628 0.107314 -0.000000 0.027874 0.992015 -0.122998 0.042800 -0.104658 0.125266 0.986588 0.000000 0.000000 0.000000 0.000000 1.000000
0.993896 -0.018188 0.108809 0.000000 0.031236 0.992350 -0.119442 0.042800 -0.105804 0.122112 0.986861 0.000000 0.000000 0.000000 0.000000 1.000000
0.993832 -0.019817 0.109107 0.000000 0.032741 0.992478 -0.117964 0.042800 -0.105949 0.120809 0.987006 -0.000000 0.000000 0.000000 0.000000 1.000000
0.993852 -0.018364 0.109183 0.000000 0.031189 0.992648 -0.116950 0.042800 -0.106232 0.119636 0.987118 0.000000 0.000000 0.000000 0.000000 1.000000
0.993885 -0.014910 0.109412 0.000000 0.028018 0.992468 -0.119260 0.042800 -0.106809 0.121596 0.986816 0.000000 0.000000 0.000000 0.000000 1.000000
0.994012 -0.014056 0.108363 -0.000000 0.027450 0.992012 -0.123122 0.042800 -0.105767 0.125360 0.986457 0.000000 0.000000 0.000000 0.000000 1.000000
0.994184 -0.015228 0.106615 0.000000 0.028402 0.991980 -0.123162 0.042800 -0.103884 0.125473 0.986643 0.000000 0.000000 0.000000 0.000000 1.000000
0.994256 -0.013870 0.106126 -0.000000 0.026682 0.992382 -0.120273 0.042800 -0.103649 0.122414 0.987052 0.000000 0.000000 0.000000 0.000000 1.000000
0.994365 -0.013497 0.105144 0.000000 0.025997 0.992621 -0.118437 0.042800 -0.102770 0.120503 0.987379 0.000000 0.000000 0.000000 0.000000 1.000000
0.994607 -0.018582 0.102040 -0.000000 0.030659 0.992529 -0.118094 0.042800 -0.099083 0.120586 0.987746 0.000000 0.000000 0.000000 0.000000 1.000000
0.994769 -0.025465 0.098921 0.000000 0.037344 0.992052 -0.120163 0.042800 -0.095075 0.123229 0.987813 0.000000 0.000000 0.000000 0.000000 1.000000
0.994754 -0.030093 0.097769 0.000000 0.042382 0.991104 -0.126164 0.042800 -0.093103 0.129646 0.987180 0.000000 0.000000 0.000000 0.000000 1.000000
0.994690 -0.032076 0.097794 -0.000000 0.044985 0.990122 -0.132796 0.042800 -0.092568 0.136490 0.986307 -0.000000 0.000000 0.000000 0.000000 1.000000
0.994658 -0.032993 0.097806 0.000000 0.046230 0.989583 -0.136337 0.042800 -0.092289 0.140130 0.985823 0.000000 0.000000 0.000000 0.000000 1.000000</float_array><technique_common><accessor source="#mixamorig_Neck-Matrix-animation-output-transform-array" count="32" stride="16"><param type="float4x4"/></accessor></technique_common></source><source id="mixamorig_Neck-Interpolations"><Name_array id="mixamorig_Neck-Interpolations-array" count="32">
 LINEAR LINEAR LINEAR LINEAR LINEAR LINEAR LINEAR LINEAR LINEAR LINEAR LINEAR
LINEAR LINEAR LINEAR LINEAR LINEAR LINEAR LINEAR LINEAR LINEAR LINEAR LINEAR LINEAR
LINEAR LINEAR LINEAR LINEAR LINEAR LINEAR LINEAR LINEAR LINEAR</Name_array><technique_common><accessor source="#mixamorig_Neck-Interpolations-array" count="32"><param type="name"/></accessor></technique_common></source><sampler id="mixamorig_Neck-Matrix-animation-transform"><input semantic="INPUT" source="#mixamorig_Neck-Matrix-animation-input"/><input semantic="OUTPUT" source="#mixamorig_Neck-Matrix-animation-output-transform"/><input semantic="INTERPOLATION" source="#mixamorig_Neck-Interpolations"/></sampler><channel source="#mixamorig_Neck-Matrix-animation-transform" target="mixamorig_Neck/matrix"/></animation>
    <animation id="mixamorig_Head-anim" name="mixamorig_Head"><source id="mixamorig_Head-Matrix-animation-input"><float_array id="mixamorig_Head-Matrix-animation-input-array" count="32">

0.000000 0.033333 0.066667 0.100000 0.133333 0.166667 0.200000 0.233333 0.266667 0.300000 0.333333 0.366667 0.400000 0.433333 0.466667 0.500000
0.533333 0.566667 0.600000 0.633333 0.666667 0.700000 0.733333 0.766667 0.800000 0.833333 0.866667 0.900000 0.933333 0.966667 1.000000 1.033333</float_array><technique_common><accessor source="#mixamorig_Head-Matrix-animation-input-array" count="32"><param name="TIME" type="float"/></accessor></technique_common></source><source id="mixamorig_Head-Matrix-animation-output-transform"><float_array id="mixamorig_Head-Matrix-animation-output-transform-array" count="512">

0.810834 0.104857 0.575806 -0.000000 -0.177512 0.981538 0.071226 0.010600 -0.557707 -0.159965 0.814478 0.008600 0.000000 0.000000 0.000000 1.000000
0.812518 0.100174 0.574265 0.000000 -0.171686 0.982552 0.071520 0.010600 -0.557081 -0.156705 0.815540 0.008600 0.000000 0.000000 0.000000 1.000000
0.811887 0.104609 0.574366 -0.000000 -0.176556 0.981744 0.070763 0.010600 -0.556478 -0.158859 0.815534 0.008600 0.000000 0.000000 0.000000 1.000000
0.807098 0.115988 0.578913 0.000000 -0.188831 0.979724 0.066968 0.010600 -0.559407 -0.163366 0.812635 0.008600 0.000000 0.000000 0.000000 1.000000
0.799238 0.123391 0.588212 0.000000 -0.197259 0.978338 0.062798 0.010600 -0.567722 -0.166221 0.806265 0.008600 0.000000 0.000000 0.000000 1.000000
0.792402 0.123087 0.597451 0.000000 -0.203168 0.976764 0.068230 0.010600 -0.575171 -0.175449 0.798997 0.008600 0.000000 0.000000 0.000000 1.000000
0.790799 0.114351 0.601299 0.000000 -0.207904 0.974168 0.088165 0.010600 -0.575685 -0.194733 0.794145 0.008600 0.000000 0.000000 0.000000 1.000000
0.796231 0.096576 0.597235 0.000000 -0.201507 0.973145 0.111285 0.010600 -0.570449 -0.208956 0.794308 0.008600 0.000000 0.000000 0.000000 1.000000
0.808659 0.076491 0.583283 -0.000000 -0.181683 0.975513 0.123957 0.010600 -0.559519 -0.206211 0.802755 0.008600 0.000000 0.000000 0.000000 1.000000
0.822140 0.061417 0.565963 -0.000000 -0.164540 0.977369 0.132956 0.010600 -0.544989 -0.202432 0.813639 0.008600 0.000000 0.000000 0.000000 1.000000
0.828030 0.057572 0.557720 0.000000 -0.161911 0.976889 0.139544 0.010600 -0.536797 -0.205848 0.818215 0.008600 0.000000 0.000000 0.000000 1.000000
0.823925 0.063034 0.563182 -0.000000 -0.164553 0.977587 0.131321 0.010600 -0.542282 -0.200872 0.815831 0.008600 0.000000 0.000000 0.000000 1.000000
0.818552 0.073703 0.569684 0.000000 -0.166407 0.979634 0.112362 0.010600 -0.549801 -0.186773 0.814146 0.008600 0.000000 0.000000 0.000000 1.000000
0.816498 0.078880 0.571934 0.000000 -0.163946 0.981521 0.098683 0.010600 -0.553581 -0.174341 0.814342 0.008600 0.000000 0.000000 0.000000 1.000000
0.813504 0.081262 0.575854 -0.000000 -0.162716 0.982446 0.091230 0.010600 -0.558333 -0.167917 0.812446 0.008600 0.000000 0.000000 0.000000 1.000000
0.810360 0.087226 0.579403 0.000000 -0.165953 0.982533 0.084188 0.010600 -0.561939 -0.164377 0.810682 0.008600 0.000000 0.000000 0.000000 1.000000
0.807139 0.092664 0.583044 0.000000 -0.172623 0.981486 0.082982 0.010600 -0.564560 -0.167625 0.808191 0.008600 0.000000 0.000000 0.000000 1.000000
0.803453 0.096705 0.587462 0.000000 -0.182271 0.979295 0.088080 0.010600 -0.566781 -0.177845 0.804444 0.008600 0.000000 0.000000 0.000000 1.000000
0.800006 0.095650 0.592319 0.000000 -0.188147 0.977410 0.096281 0.010600 -0.569730 -0.188469 0.799930 0.008600 0.000000 0.000000 0.000000 1.000000
0.797673 0.090048 0.596330 0.000000 -0.191249 0.975525 0.108514 0.010600 -0.571963 -0.200607 0.795371 0.008600 0.000000 0.000000 0.000000 1.000000
0.795947 0.093533 0.598097 0.000000 -0.203536 0.971823 0.118887 0.010600 -0.570125 -0.216362 0.792556 0.008600 0.000000 0.000000 0.000000 1.000000
0.793169 0.103944 0.600065 0.000000 -0.219229 0.968003 0.122100 0.010600 -0.568174 -0.228398 0.790578 0.008600 0.000000 0.000000 0.000000 1.000000
0.788914 0.117173 0.603230 0.000000 -0.230125 0.966553 0.113215 0.010600 -0.569788 -0.228135 0.789491 0.008600 0.000000 0.000000 0.000000 1.000000
0.787910 0.129275 0.602068 0.000000 -0.228019 0.969466 0.090240 0.010600 -0.572018 -0.208383 0.793329 0.008600 0.000000 0.000000 0.000000 1.000000
0.787729 0.141765 0.599487 0.000000 -0.228054 0.971128 0.070015 0.010600 -0.572253 -0.191869 0.797316 0.008600 0.000000 0.000000 0.000000 1.000000
0.781999 0.157661 0.603010 0.000000 -0.248477 0.966132 0.069629 0.010600 -0.571609 -0.204284 0.794689 0.008600 0.000000 0.000000 0.000000 1.000000
0.780956 0.164697 0.602480 -0.000000 -0.263686 0.961369 0.078995 0.010600 -0.566195 -0.220557 0.794215 0.008600 0.000000 0.000000 0.000000 1.000000
0.792831 0.151519 0.590306 -0.000000 -0.248521 0.964788 0.086144 0.010600 -0.556468 -0.215001 0.802570 0.008600 0.000000 0.000000 0.000000 1.000000
0.804709 0.132697 0.578649 0.000000 -0.222081 0.971218 0.086119 0.010600 -0.550566 -0.197808 0.811017 0.008600 0.000000 0.000000 0.000000 1.000000
0.808599 0.120789 0.575828 -0.000000 -0.202442 0.976059 0.079533 0.010600 -0.552436 -0.180882 0.813693 0.008600 0.000000 0.000000 0.000000 1.000000
0.809387 0.112813 0.576339 0.000000 -0.188873 0.979242 0.073568 0.010600 -0.556076 -0.168399 0.813893 0.008600 0.000000 0.000000 0.000000 1.000000
0.810834 0.104857 0.575806 -0.000000 -0.177512 0.981538 0.071226 0.010600 -0.557707 -0.159965 0.814478 0.008600 0.000000 0.000000 0.000000 1.000000</float_array><technique_common><accessor source="#mixamorig_Head-Matrix-animation-output-transform-array" count="32" stride="16"><param type="float4x4"/></accessor></technique_common></source><source id="mixamorig_Head-Interpolations"><Name_array id="mixamorig_Head-Interpolations-array" count="32">
 LINEAR LINEAR LINEAR LINEAR LINEAR LINEAR LINEAR LINEAR LINEAR LINEAR LINEAR
LINEAR LINEAR LINEAR LINEAR LINEAR LINEAR LINEAR LINEAR LINEAR LINEAR LINEAR LINEAR
