<?xml version="1.0" encoding="utf-8"?>
<COLLADA xmlns="http://www.collada.org/2005/11/COLLADASchema" version="1.4.1">
  <asset><contributor><author>Mixamo</author><authoring_tool>COLLADA Mixamo exporter</authoring_tool><comments></comments></contributor><created>2014-08-29T16:11:01Z</created><modified>2014-08-29T16:11:01Z</modified><revision></revision><title></title><unit meter="0.025400"/><up_axis>Y_UP</up_axis></asset>
  <library_animations>
    <animation id="mixamorig_Hips-anim" name="mixamorig_Hips"><source id="mixamorig_Hips-Matrix-animation-input"><float_array id="mixamorig_Hips-Matrix-animation-input-array" count="32">

0.000000 0.033333 0.066667 0.100000 0.133333 0.166667 0.200000 0.233333 0.266667 0.300000 0.333333 0.366667 0.400000 0.433333 0.466667 0.500000
0.533333 0.566667 0.600000 0.633333 0.666667 0.700000 0.733333 0.766667 0.800000 0.833333 0.866667 0.900000 0.933333 0.966667 1.000000 1.033333</float_array><technique_common><accessor source="#mixamorig_Hips-Matrix-animation-input-array" count="32"><param name="TIME" type="float"/></accessor></technique_common></source><source id="mixamorig_Hips-Matrix-animation-output-transform"><float_array id="mixamorig_Hips-Matrix-animation-output-transform-array" count="512">

0.404632 0.131250 0.905012 -0.000814 -0.031470 0.991059 -0.129659 0.361071 -0.913938 0.023984 0.405145 -0.000151 0.000000 0.000000 0.000000 1.000000
0.405048 0.130412 0.904947 0.017429 -0.022845 0.990910 -0.132574 0.365004 -0.914010 0.033026 0.404345 0.001298 0.000000 0.000000 0.000000 1.000000
0.410187 0.134952 0.901962 0.036132 -0.024516 0.990266 -0.137015 0.365872 -0.911672 0.034090 0.409502 0.002453 0.000000 0.000000 0.000000 1.000000
0.419818 0.143874 0.896132 0.055731 -0.037307 0.989257 -0.141347 0.363752 -0.906841 0.025908 0.420676 0.003287 0.000000 0.000000 0.000000 1.000000
0.439114 0.154812 0.884993 0.076703 -0.060037 0.987897 -0.143024 0.358278 -0.896423 0.009672 0.443094 0.003795 0.000000 0.000000 0.000000 1.000000
0.466053 0.160940 0.869996 0.098969 -0.086086 0.986900 -0.136450 0.350977 -0.880559 -0.011302 0.473802 0.004255 0.000000 0.000000 0.000000 1.000000
0.482743 0.161618 0.860720 0.119894 -0.098308 0.986612 -0.130121 0.344964 -0.870227 -0.021801 0.492169 0.004669 0.000000 0.000000 0.000000 1.000000
0.484602 0.155418 0.860817 0.140856 -0.093175 0.987662 -0.125866 0.340045 -0.869758 -0.019211 0.493104 0.004591 0.000000 0.000000 0.000000 1.000000
0.484137 0.131243 0.865094 0.164295 -0.066188 0.991347 -0.113356 0.336351 -0.872485 -0.002379 0.488634 0.003852 0.000000 0.000000 0.000000 1.000000
0.486393 0.107653 0.867083 0.188298 -0.030374 0.993864 -0.106355 0.334393 -0.873212 0.025394 0.486678 0.002235 0.000000 0.000000 0.000000 1.000000
0.483725 0.102729 0.869170 0.211827 -0.010925 0.993719 -0.111370 0.332701 -0.875152 0.044377 0.481809 0.000438 0.000000 0.000000 0.000000 1.000000
0.484794 0.090071 0.869978 0.234589 0.011718 0.993925 -0.109433 0.334179 -0.874550 0.063247 0.480793 -0.001142 0.000000 0.000000 0.000000 1.000000
0.491978 0.073854 0.867470 0.256719 0.031367 0.994245 -0.102437 0.338037 -0.870043 0.077606 0.486830 -0.002316 0.000000 0.000000 0.000000 1.000000
0.480661 0.070069 0.874103 0.277996 0.032863 0.994663 -0.097804 0.343861 -0.876291 0.075736 0.475793 -0.002823 0.000000 0.000000 0.000000 1.000000
0.454911 0.068522 0.887897 0.298939 0.028867 0.995377 -0.091607 0.350602 -0.890069 0.067304 0.450830 -0.002585 0.000000 0.000000 0.000000 1.000000
0.434848 0.066685 0.898031 0.319620 0.023098 0.996100 -0.085152 0.356595 -0.900208 0.057771 0.431612 -0.001919 0.000000 0.000000 0.000000 1.000000
0.416363 0.070566 0.906456 0.339931 0.009662 0.996584 -0.082020 0.360822 -0.909147 0.042908 0.414259 -0.001155 0.000000 0.000000 0.000000 1.000000
0.388604 0.081259 0.917815 0.360210 -0.005354 0.996286 -0.085940 0.362156 -0.921389 0.028482 0.387596 -0.000051 0.000000 0.000000 0.000000 1.000000
0.353225 0.091951 0.931009 0.380902 -0.007080 0.995392 -0.095623 0.360663 -0.935511 0.027185 0.352249 0.001370 0.000000 0.000000 0.000000 1.000000
0.304429 0.096340 0.947650 0.402147 0.004793 0.994705 -0.102664 0.356859 -0.952523 0.035796 0.302355 0.002776 0.000000 0.000000 0.000000 1.000000
0.230134 0.094822 0.968528 0.425093 0.027094 0.994232 -0.103776 0.349954 -0.972782 0.050123 0.226238 0.003942 0.000000 0.000000 0.000000 1.000000
0.153978 0.092907 0.983697 0.448061 0.050314 0.993541 -0.101712 0.342439 -0.986792 0.065155 0.148309 0.004518 0.000000 0.000000 0.000000 1.000000
0.102617 0.093726 0.990295 0.469991 0.064011 0.992865 -0.100602 0.335688 -0.992659 0.073714 0.095886 0.004417 0.000000 0.000000 0.000000 1.000000
0.098169 0.100091 0.990124 0.492470 0.049846 0.993186 -0.105343 0.330727 -0.993921 0.059695 0.092511 0.003965 0.000000 0.000000 0.000000 1.000000
0.125491 0.107117 0.986295 0.515477 0.016513 0.993791 -0.110032 0.329241 -0.991957 0.030095 0.122943 0.003720 0.000000 0.000000 0.000000 1.000000
0.169590 0.112342 0.979091 0.539873 -0.011562 0.993640 -0.112009 0.328325 -0.985447 0.007675 0.169811 0.003300 0.000000 0.000000 0.000000 1.000000
0.223679 0.116695 0.967652 0.563019 -0.035406 0.993124 -0.111583 0.330210 -0.974020 -0.009302 0.226272 0.002892 0.000000 0.000000 0.000000 1.000000
0.278285 0.120128 0.952957 0.583515 -0.052068 0.992576 -0.109917 0.334722 -0.959086 -0.019030 0.282473 0.003113 0.000000 0.000000 0.000000 1.000000
0.323131 0.124349 0.938149 0.602696 -0.065589 0.991889 -0.108881 0.340907 -0.944079 -0.026349 0.328666 0.002836 0.000000 0.000000 0.000000 1.000000
0.360331 0.123576 0.924603 0.621604 -0.054366 0.992284 -0.111435 0.348008 -0.931239 -0.010113 0.364269 0.001725 0.000000 0.000000 0.000000 1.000000
0.390535 0.124897 0.912076 0.640430 -0.040900 0.992130 -0.118347 0.355049 -0.919679 0.008914 0.392570 0.000513 0.000000 0.000000 0.000000 1.000000
0.404632 0.131250 0.905012 0.658992 -0.031470 0.991059 -0.129659 0.361071 -0.913938 0.023983 0.405145 -0.000151 0.000000 0.000000 0.000000 1.000000</float_array><technique_common><accessor source="#mixamorig_Hips-Matrix-animation-output-transform-array" count="32" stride="16"><param type="float4x4"/></accessor></technique_common></source><source id="mixamorig_Hips-Interpolations"><Name_array id="mixamorig_Hips-Interpolations-array" count="32">
 LINEAR LINEAR LINEAR LINEAR LINEAR LINEAR LINEAR LINEAR LINEAR LINEAR LINEAR
LINEAR LINEAR LINEAR LINEAR LINEAR LINEAR LINEAR LINEAR LINEAR LINEAR LINEAR LINEAR
LINEAR LINEAR LINEAR LINEAR LINEAR LINEAR LINEAR LINEAR LINEAR</Name_array><technique_common><accessor source="#mixamorig_Hips-Interpolations-array" count="32"><param type="name"/></accessor></technique_common></source><sampler id="mixamorig_Hips-Matrix-animation-transform"><input semantic="INPUT" source="#mixamorig_Hips-Matrix-animation-input"/><input semantic="OUTPUT" source="#mixamorig_Hips-Matrix-animation-output-transform"/><input semantic="INTERPOLATION" source="#mixamorig_Hips-Interpolations"/></sampler><channel source="#mixamorig_Hips-Matrix-animation-transform" target="mixamorig_Hips/matrix"/></animation>
    <animation id="mixamorig_Spine-anim" name="mixamorig_Spine"><source id="mixamorig_Spine-Matrix-animation-input"><float_array id="mixamorig_Spine-Matrix-animation-input-array" count="32">

0.000000 0.033333 0.066667 0.100000 0.133333 0.166667 0.200000 0.233333 0.266667 0.300000 0.333333 0.366667 0.400000 0.433333 0.466667 0.500000
0.533333 0.566667 0.600000 0.633333 0.666667 0.700000 0.733333 0.766667 0.800000 0.833333 0.866667 0.900000 0.933333 0.966667 1.000000 1.033333</float_array><technique_common><accessor source="#mixamorig_Spine-Matrix-animation-input-array" count="32"><param name="TIME" type="float"/></accessor></technique_common></source><source id="mixamorig_Spine-Matrix-animation-output-transform"><float_array id="mixamorig_Spine-Matrix-animation-output-transform-array" count="512">

0.990766 -0.025034 -0.133248 0.000000 0.018395 0.998538 -0.050829 0.028500 0.134326 0.047909 0.989778 -0.001600 0.000000 0.000000 0.000000 1.000000
0.992168 -0.012421 -0.124288 -0.000000 0.006228 0.998725 -0.050095 0.028500 0.124752 0.048929 0.990981 -0.001600 0.000000 0.000000 0.000000 1.000000
0.993761 -0.010782 -0.111006 -0.000000 0.005353 0.998780 -0.049083 0.028500 0.111400 0.048183 0.992607 -0.001600 0.000000 0.000000 0.000000 1.000000
0.995519 -0.021649 -0.092052 0.000000 0.017355 0.998735 -0.047194 0.028500 0.092957 0.045385 0.994635 -0.001600 0.000000 0.000000 0.000000 1.000000
0.997070 -0.040788 -0.064707 0.000000 0.038035 0.998341 -0.043223 0.028500 0.066362 0.040635 0.996968 -0.001600 0.000000 0.000000 0.000000 1.000000
0.997634 -0.058223 -0.036557 0.000000 0.056712 0.997545 -0.041081 0.028500 0.038860 0.038911 0.998487 -0.001600 0.000000 0.000000 0.000000 1.000000
0.998081 -0.057630 -0.022667 0.000000 0.056614 0.997463 -0.043163 0.028500 0.025097 0.041797 0.998811 -0.001600 0.000000 0.000000 0.000000 1.000000
0.998797 -0.044030 -0.021566 0.000000 0.043013 0.998036 -0.045538 0.028500 0.023529 0.044556 0.998730 -0.001600 0.000000 0.000000 0.000000 1.000000
0.999477 -0.016920 -0.027566 -0.000000 0.015597 0.998749 -0.047516 0.028500 0.028336 0.047061 0.998490 -0.001600 0.000000 0.000000 0.000000 1.000000
0.999191 0.015555 -0.037095 0.000000 -0.017137 0.998940 -0.042715 0.028500 0.036391 0.043316 0.998398 -0.001600 0.000000 0.000000 0.000000 1.000000
0.998471 0.032356 -0.044826 0.000000 -0.033993 0.998765 -0.036241 0.028500 0.043598 0.037710 0.998337 -0.001600 0.000000 0.000000 0.000000 1.000000
0.997526 0.050092 -0.049319 -0.000000 -0.052019 0.997900 -0.038592 0.028500 0.047282 0.041062 0.998037 -0.001600 0.000000 0.000000 0.000000 1.000000
0.996491 0.062801 -0.055333 0.000000 -0.065178 0.996979 -0.042251 0.028500 0.052513 0.045710 0.997574 -0.001600 0.000000 0.000000 0.000000 1.000000
0.995863 0.053896 -0.073164 0.000000 -0.057150 0.997433 -0.043135 0.028500 0.070651 0.047138 0.996387 -0.001600 0.000000 0.000000 0.000000 1.000000
0.994795 0.037964 -0.094560 0.000000 -0.042308 0.998119 -0.044369 0.028500 0.092697 0.048139 0.994530 -0.001600 0.000000 0.000000 0.000000 1.000000
0.993860 0.023390 -0.108141 0.000000 -0.028486 0.998544 -0.045815 0.028500 0.106912 0.048614 0.993079 -0.001600 0.000000 0.000000 0.000000 1.000000
0.992835 0.003997 -0.119428 0.000000 -0.009785 0.998803 -0.047917 0.028500 0.119094 0.048743 0.991686 -0.001600 0.000000 0.000000 0.000000 1.000000
0.990229 -0.015925 -0.138540 -0.000000 0.009319 0.998794 -0.048204 0.028500 0.139140 0.046442 0.989183 -0.001600 0.000000 0.000000 0.000000 1.000000
0.985551 -0.020732 -0.168108 0.000000 0.013594 0.998961 -0.043502 0.028500 0.168835 0.040588 0.984808 -0.001600 0.000000 0.000000 0.000000 1.000000
0.977438 -0.014412 -0.210732 0.000000 0.006554 0.999259 -0.037940 0.028500 0.211123 0.035703 0.976807 -0.001600 0.000000 0.000000 0.000000 1.000000
0.962271 -0.005883 -0.272031 0.000000 -0.002173 0.999568 -0.029302 0.028500 0.272086 0.028787 0.961842 -0.001600 0.000000 0.000000 0.000000 1.000000
0.944621 0.001556 -0.328159 0.000000 -0.010021 0.999659 -0.024109 0.028500 0.328010 0.026062 0.944315 -0.001600 0.000000 0.000000 0.000000 1.000000
0.930760 0.003149 -0.365617 0.000000 -0.013606 0.999569 -0.026028 0.028500 0.365377 0.029201 0.930401 -0.001600 0.000000 0.000000 0.000000 1.000000
0.929238 -0.016547 -0.369112 0.000000 0.005648 0.999516 -0.030588 0.028500 0.369440 0.026339 0.928881 -0.001600 0.000000 0.000000 0.000000 1.000000
0.934332 -0.048098 -0.353144 0.000000 0.037480 0.998618 -0.036847 0.028500 0.354428 0.021192 0.934843 -0.001600 0.000000 0.000000 0.000000 1.000000
0.938453 -0.071690 -0.337886 0.000000 0.062209 0.997308 -0.038818 0.028500 0.339759 0.015410 0.940386 -0.001600 0.000000 0.000000 0.000000 1.000000
0.946346 -0.087004 -0.311224 0.000000 0.077970 0.996097 -0.041379 0.028500 0.313609 0.014893 0.949435 -0.001600 0.000000 0.000000 0.000000 1.000000
0.961722 -0.084670 -0.260619 0.000000 0.075342 0.996115 -0.045595 0.028500 0.263467 0.024215 0.964364 -0.001600 0.000000 0.000000 0.000000 1.000000
0.974210 -0.083048 -0.209802 0.000000 0.073916 0.995959 -0.051015 0.028500 0.213191 0.034192 0.976412 -0.001600 0.000000 0.000000 0.000000 1.000000
0.982352 -0.063596 -0.175896 0.000000 0.055079 0.997080 -0.052888 0.028500 0.178746 0.042267 0.982987 -0.001600 0.000000 0.000000 0.000000 1.000000
0.987945 -0.042733 -0.148788 0.000000 0.035279 0.998004 -0.052386 0.028500 0.150730 0.046505 0.987481 -0.001600 0.000000 0.000000 0.000000 1.000000
0.990767 -0.025034 -0.133248 0.000000 0.018395 0.998538 -0.050829 0.028500 0.134325 0.047909 0.989778 -0.001600 0.000000 0.000000 0.000000 1.000000</float_array><technique_common><accessor source="#mixamorig_Spine-Matrix-animation-output-transform-array" count="32" stride="16"><param type="float4x4"/></accessor></technique_common></source><source id="mixamorig_Spine-Interpolations"><Name_array id="mixamorig_Spine-Interpolations-array" count="32">
 LINEAR LINEAR LINEAR LINEAR LINEAR LINEAR LINEAR LINEAR LINEAR LINEAR LINEAR
LINEAR LINEAR LINEAR LINEAR LINEAR LINEAR LINEAR LINEAR LINEAR LINEAR LINEAR LINEAR
LINEAR LINEAR LINEAR LINEAR LINEAR LINEAR LINEAR LINEAR LINEAR</Name_array><technique_common><accessor source="#mixamorig_Spine-Interpolations-array" count="32"><param type="name"/></accessor></technique_common></source><sampler id="mixamorig_Spine-Matrix-animation-transform"><input semantic="INPUT" source="#mixamorig_Spine-Matrix-animation-input"/><input semantic="OUTPUT" source="#mixamorig_Spine-Matrix-animation-output-transform"/><input semantic="INTERPOLATION" source="#mixamorig_Spine-Interpolations"/></sampler><channel source="#mixamorig_Spine-Matrix-animation-transform" target="mixamorig_Spine/matrix"/></animation>
    <animation id="mixamorig_Spine1-anim" name="mixamorig_Spine1"><source id="mixamorig_Spine1-Matrix-animation-input"><float_array id="mixamorig_Spine1-Matrix-animation-input-array" count="32">

0.000000 0.033333 0.066667 0.100000 0.133333 0.166667 0.200000 0.233333 0.266667 0.300000 0.333333 0.366667 0.400000 0.433333 0.466667 0.500000
0.533333 0.566667 0.600000 0.633333 0.666667 0.700000 0.733333 0.766667 0.800000 0.833333 0.866667 0.900000 0.933333 0.966667 1.000000 1.033333</float_array><technique_common><accessor source="#mixamorig_Spine1-Matrix-animation-input-array" count="32"><param name="TIME" type="float"/></accessor></technique_common></source><source id="mixamorig_Spine1-Matrix-animation-output-transform"><float_array id="mixamorig_Spine1-Matrix-animation-output-transform-array" count="512">

0.995735 -0.021059 -0.089828 0.000000 0.014353 0.997106 -0.074663 0.033300 0.091140 0.073055 0.993155 0.000000 0.000000 0.000000 0.000000 1.000000
0.996372 -0.013478 -0.084027 0.000000 0.007153 0.997149 -0.075123 0.033300 0.084800 0.074249 0.993628 0.000000 0.000000 0.000000 0.000000 1.000000
0.996738 -0.008679 -0.080237 -0.000000 0.002682 0.997214 -0.074546 0.033300 0.080660 0.074087 0.993984 0.000000 0.000000 0.000000 0.000000 1.000000
0.997023 -0.008076 -0.076683 0.000000 0.002510 0.997372 -0.072412 0.033300 0.077066 0.072004 0.994423 0.000000 0.000000 0.000000 0.000000 1.000000
0.997464 -0.012747 -0.070018 0.000000 0.007987 0.997664 -0.067849 0.033300 0.070719 0.067118 0.995236 -0.000000 0.000000 0.000000 0.000000 1.000000
0.997891 -0.019154 -0.062018 0.000000 0.015113 0.997772 -0.064989 0.033300 0.063125 0.063915 0.995957 0.000000 0.000000 0.000000 0.000000 1.000000
0.998211 -0.021376 -0.055841 0.000000 0.017632 0.997618 -0.066693 0.033300 0.057134 0.065589 0.996210 0.000000 0.000000 0.000000 0.000000 1.000000
0.998440 -0.017184 -0.053133 0.000000 0.013490 0.997517 -0.069125 0.033300 0.054189 0.068300 0.996192 -0.000000 0.000000 0.000000 0.000000 1.000000
0.998541 -0.007297 -0.053508 0.000000 0.003447 0.997421 -0.071686 0.033300 0.053893 0.071397 0.995991 0.000000 0.000000 0.000000 0.000000 1.000000
0.998389 0.001460 -0.056719 0.000000 -0.005469 0.997491 -0.070588 0.033300 0.056474 0.070785 0.995892 -0.000000 0.000000 0.000000 0.000000 1.000000
0.998120 0.007596 -0.060822 -0.000000 -0.011716 0.997638 -0.067680 0.033300 0.060164 0.068265 0.995851 0.000000 0.000000 0.000000 0.000000 1.000000
0.998011 0.018279 -0.060325 0.000000 -0.022480 0.997314 -0.069710 0.033300 0.058888 0.070927 0.995742 0.000000 0.000000 0.000000 0.000000 1.000000
0.997960 0.025430 -0.058563 0.000000 -0.029626 0.996969 -0.071943 0.033300 0.056556 0.073532 0.995688 0.000000 0.000000 0.000000 0.000000 1.000000
0.997636 0.021364 -0.065318 0.000000 -0.026065 0.997066 -0.071978 0.033300 0.063588 0.073510 0.995265 0.000000 0.000000 0.000000 0.000000 1.000000
0.997087 0.015020 -0.074784 0.000000 -0.020418 0.997199 -0.071954 0.033300 0.073494 0.073271 0.994600 0.000000 0.000000 0.000000 0.000000 1.000000
0.996860 0.009704 -0.078581 0.000000 -0.015393 0.997278 -0.072112 0.033300 0.077668 0.073095 0.994296 0.000000 0.000000 0.000000 0.000000 1.000000
0.996722 0.002110 -0.080870 0.000000 -0.008028 0.997304 -0.072936 0.033300 0.080498 0.073347 0.994052 -0.000000 0.000000 0.000000 0.000000 1.000000
0.996260 -0.007056 -0.086117 0.000000 0.000822 0.997390 -0.072204 0.033300 0.086401 0.071863 0.993665 -0.000000 0.000000 0.000000 0.000000 1.000000
0.995509 -0.012696 -0.093813 0.000000 0.006277 0.997638 -0.068399 0.033300 0.094460 0.067503 0.993237 -0.000000 0.000000 0.000000 0.000000 1.000000
0.994654 -0.011937 -0.102576 0.000000 0.005423 0.997964 -0.063551 0.033300 0.103126 0.062655 0.992693 0.000000 0.000000 0.000000 0.000000 1.000000
0.993658 -0.008018 -0.112156 0.000000 0.001505 0.998314 -0.058033 0.033300 0.112432 0.057496 0.991995 0.000000 0.000000 0.000000 0.000000 1.000000
0.992599 -0.004336 -0.121359 0.000000 -0.002296 0.998513 -0.054460 0.033300 0.121414 0.054336 0.991114 -0.000000 0.000000 0.000000 0.000000 1.000000
0.991978 -0.004803 -0.126321 0.000000 -0.002223 0.998460 -0.055423 0.033300 0.126392 0.055260 0.990440 0.000000 0.000000 0.000000 0.000000 1.000000
0.991751 -0.011996 -0.127619 -0.000000 0.004486 0.998250 -0.058973 0.033300 0.128103 0.057914 0.990068 0.000000 0.000000 0.000000 0.000000 1.000000
0.991757 -0.022746 -0.126100 0.000000 0.015391 0.998139 -0.058998 0.033300 0.127207 0.056571 0.990262 0.000000 0.000000 0.000000 0.000000 1.000000
0.992154 -0.034397 -0.120199 0.000000 0.027501 0.997904 -0.058570 0.033300 0.121962 0.054805 0.991021 0.000000 0.000000 0.000000 0.000000 1.000000
0.992092 -0.042536 -0.118085 0.000000 0.035385 0.997448 -0.062007 0.033300 0.120422 0.057338 0.991066 0.000000 0.000000 0.000000 0.000000 1.000000
0.991348 -0.045859 -0.122989 0.000000 0.037924 0.997092 -0.066095 0.033300 0.125662 0.060859 0.990205 0.000000 0.000000 0.000000 0.000000 1.000000
0.991464 -0.044987 -0.122375 0.000000 0.036716 0.996939 -0.069019 0.033300 0.125105 0.063937 0.990081 0.000000 0.000000 0.000000 0.000000 1.000000
0.992939 -0.037806 -0.112442 0.000000 0.029801 0.996956 -0.072039 0.033300 0.114823 0.068180 0.991043 -0.000000 0.000000 0.000000 0.000000 1.000000
0.994502 -0.029592 -0.100446 0.000000 0.022209 0.997022 -0.073846 0.033300 0.102332 0.071209 0.992198 -0.000000 0.000000 0.000000 0.000000 1.000000
0.995735 -0.021059 -0.089828 0.000000 0.014353 0.997106 -0.074662 0.033300 0.091140 0.073055 0.993155 0.000000 0.000000 0.000000 0.000000 1.000000</float_array><technique_common><accessor source="#mixamorig_Spine1-Matrix-animation-output-transform-array" count="32" stride="16"><param type="float4x4"/></accessor></technique_common></source><source id="mixamorig_Spine1-Interpolations"><Name_array id="mixamorig_Spine1-Interpolations-array" count="32">
 LINEAR LINEAR LINEAR LINEAR LINEAR LINEAR LINEAR LINEAR LINEAR LINEAR LINEAR
LINEAR LINEAR LINEAR LINEAR LINEAR LINEAR LINEAR LINEAR LINEAR LINEAR LINEAR LINEAR
LINEAR LINEAR LINEAR LINEAR LINEAR LINEAR LINEAR LINEAR LINEAR</Name_array><technique_common><accessor source="#mixamorig_Spine1-Interpolations-array" count="32"><param type="name"/></accessor></technique_common></source><sampler id="mixamorig_Spine1-Matrix-animation-transform"><input semantic="INPUT" source="#mixamorig_Spine1-Matrix-animation-input"/><input semantic="OUTPUT" source="#mixamorig_Spine1-Matrix-animation-output-transform"/><input semantic="INTERPOLATION" source="#mixamorig_Spine1-Interpolations"/></sampler><channel source="#mixamorig_Spine1-Matrix-animation-transform" target="mixamorig_Spine1/matrix"/></animation>
    <animation id="mixamorig_Spine2-anim" name="mixamorig_Spine2"><source id="mixamorig_Spine2-Matrix-animation-input"><float_array id="mixamorig_Spine2-Matrix-animation-input-array" count="32">

0.000000 0.033333 0.066667 0.100000 0.133333 0.166667 0.200000 0.233333 0.266667 0.300000 0.333333 0.366667 0.400000 0.433333 0.466667 0.500000
0.533333 0.566667 0.600000 0.633333 0.666667 0.700000 0.733333 0.766667 0.800000 0.833333 0.866667 0.900000 0.933333 0.966667 1.000000 1.033333</float_array><technique_common><accessor source="#mixamorig_Spine2-Matrix-animation-input-array" count="32"><param name="TIME" type="float"/></accessor></technique_common></source><source id="mixamorig_Spine2-Matrix-animation-output-transform"><float_array id="mixamorig_Spine2-Matrix-animation-output-transform-array" count="512">

0.995699 -0.020739 -0.090294 0.000000 0.014037 0.997142 -0.074235 0.038000 0.091575 0.072649 0.993145 0.000000 0.000000 0.000000 0.000000 1.000000
0.996338 -0.013038 -0.084503 0.000000 0.006713 0.997183 -0.074708 0.038000 0.085239 0.073867 0.993619 0.000000 0.000000 0.000000 0.000000 1.000000
0.996712 -0.008149 -0.080610 0.000000 0.002150 0.997239 -0.074224 0.038000 0.080993 0.073806 0.993978 0.000000 0.000000 0.000000 0.000000 1.000000
0.997014 -0.007567 -0.076843 0.000000 0.001999 0.997382 -0.072279 0.038000 0.077189 0.071910 0.994420 -0.000000 0.000000 0.000000 0.000000 1.000000
0.997480 -0.012435 -0.069844 0.000000 0.007676 0.997656 -0.068000 0.038000 0.070526 0.067293 0.995238 -0.000000 0.000000 0.000000 0.000000 1.000000
0.997923 -0.019084 -0.061526 -0.000000 0.015051 0.997748 -0.065359 0.038000 0.062635 0.064297 0.995963 -0.000000 0.000000 0.000000 0.000000 1.000000
0.998238 -0.021330 -0.055378 0.000000 0.017599 0.997598 -0.067003 0.038000 0.056674 0.065910 0.996215 0.000000 0.000000 0.000000 0.000000 1.000000
0.998455 -0.017078 -0.052881 0.000000 0.013392 0.997506 -0.069297 0.038000 0.053932 0.068482 0.996194 0.000000 0.000000 0.000000 0.000000 1.000000
0.998544 -0.007104 -0.053468 0.000000 0.003255 0.997419 -0.071727 0.038000 0.053839 0.071449 0.995990 0.000000 0.000000 0.000000 0.000000 1.000000
0.998377 0.001860 -0.056928 0.000000 -0.005874 0.997499 -0.070430 0.038000 0.056655 0.070650 0.995891 0.000000 0.000000 0.000000 0.000000 1.000000
0.998086 0.008212 -0.061287 0.000000 -0.012337 0.997661 -0.067233 0.038000 0.060592 0.067861 0.995853 -0.000000 0.000000 0.000000 0.000000 1.000000
0.997965 0.018921 -0.060898 -0.000000 -0.023126 0.997342 -0.069093 0.038000 0.059429 0.070360 0.995750 0.000000 0.000000 0.000000 0.000000 1.000000
0.997917 0.025975 -0.059058 0.000000 -0.030176 0.996992 -0.071389 0.038000 0.057026 0.073022 0.995699 0.000000 0.000000 0.000000 0.000000 1.000000
0.997604 0.021855 -0.065646 0.000000 -0.026553 0.997083 -0.071563 0.038000 0.063890 0.073134 0.995274 0.000000 0.000000 0.000000 0.000000 1.000000
0.997063 0.015437 -0.075020 0.000000 -0.020829 0.997213 -0.071637 0.038000 0.073706 0.072989 0.994605 0.000000 0.000000 0.000000 0.000000 1.000000
0.996835 0.010048 -0.078861 0.000000 -0.015731 0.997297 -0.071777 0.038000 0.077927 0.072790 0.994298 0.000000 0.000000 0.000000 0.000000 1.000000
0.996691 0.002473 -0.081250 0.000000 -0.008387 0.997331 -0.072524 0.038000 0.080854 0.072965 0.994052 -0.000000 0.000000 0.000000 0.000000 1.000000
0.996218 -0.006708 -0.086633 0.000000 0.000486 0.997430 -0.071644 0.038000 0.086891 0.071331 0.993661 -0.000000 0.000000 0.000000 0.000000 1.000000
0.995444 -0.012534 -0.094523 -0.000000 0.006152 0.997700 -0.067512 0.038000 0.095152 0.066623 0.993231 0.000000 0.000000 0.000000 0.000000 1.000000
0.994567 -0.012072 -0.103398 0.000000 0.005636 0.998041 -0.062315 0.038000 0.103947 0.061394 0.992686 0.000000 0.000000 0.000000 0.000000 1.000000
0.993566 -0.008760 -0.112914 0.000000 0.002352 0.998385 -0.056761 0.038000 0.113229 0.056130 0.991982 -0.000000 0.000000 0.000000 0.000000 1.000000
0.992504 -0.005531 -0.122087 0.000000 -0.000977 0.998584 -0.053182 0.038000 0.122208 0.052903 0.991094 0.000000 0.000000 0.000000 0.000000 1.000000
0.991878 -0.005889 -0.127055 0.000000 -0.000990 0.998540 -0.054015 0.038000 0.127188 0.053702 0.990424 0.000000 0.000000 0.000000 0.000000 1.000000
0.991658 -0.012625 -0.128276 -0.000000 0.005268 0.998330 -0.057526 0.038000 0.128788 0.056370 0.990069 -0.000000 0.000000 0.000000 0.000000 1.000000
0.991672 -0.022825 -0.126748 0.000000 0.015636 0.998228 -0.057421 0.038000 0.127834 0.054961 0.990272 0.000000 0.000000 0.000000 0.000000 1.000000
0.992082 -0.034276 -0.120823 0.000000 0.027532 0.997991 -0.057057 0.038000 0.122536 0.053279 0.991033 -0.000000 0.000000 0.000000 0.000000 1.000000
0.992032 -0.042478 -0.118607 0.000000 0.035458 0.997527 -0.060686 0.038000 0.120892 0.055997 0.991085 0.000000 0.000000 0.000000 0.000000 1.000000
0.991288 -0.045801 -0.123495 0.000000 0.038008 0.997178 -0.064735 0.038000 0.126112 0.059477 0.990231 0.000000 0.000000 0.000000 0.000000 1.000000
0.991414 -0.045030 -0.122763 -0.000000 0.036879 0.997012 -0.067880 0.038000 0.125453 0.062769 0.990112 0.000000 0.000000 0.000000 0.000000 1.000000
0.992894 -0.037871 -0.112819 0.000000 0.029942 0.997015 -0.071169 0.038000 0.115178 0.067285 0.991063 -0.000000 0.000000 0.000000 0.000000 1.000000
0.994465 -0.029494 -0.100847 0.000000 0.022142 0.997068 -0.073252 0.038000 0.102712 0.070614 0.992202 0.000000 0.000000 0.000000 0.000000 1.000000
0.995699 -0.020739 -0.090294 0.000000 0.014037 0.997142 -0.074235 0.038000 0.091575 0.072649 0.993145 0.000000 0.000000 0.000000 0.000000 1.000000</float_array><technique_common><accessor source="#mixamorig_Spine2-Matrix-animation-output-transform-array" count="32" stride="16"><param type="float4x4"/></accessor></technique_common></source><source id="mixamorig_Spine2-Interpolations"><Name_array id="mixamorig_Spine2-Interpolations-array" count="32">
 LINEAR LINEAR LINEAR LINEAR LINEAR LINEAR LINEAR LINEAR LINEAR LINEAR LINEAR
LINEAR LINEAR LINEAR LINEAR LINEAR LINEAR LINEAR LINEAR LINEAR LINEAR LINEAR LINEAR
LINEAR LINEAR LINEAR LINEAR LINEAR LINEAR LINEAR LINEAR LINEAR</Name_array><technique_common><accessor source="#mixamorig_Spine2-Interpolations-array" count="32"><param type="name"/></accessor></technique_common></source><sampler id="mixamorig_Spine2-Matrix-animation-transform"><input semantic="INPUT" source="#mixamorig_Spine2-Matrix-animation-input"/><input semantic="OUTPUT" source="#mixamorig_Spine2-Matrix-animation-output-transform"/><input semantic="INTERPOLATION" source="#mixamorig_Spine2-Interpolations"/></sampler><channel source="#mixamorig_Spine2-Matrix-animation-transform" target="mixamorig_Spine2/matrix"/></animation>
    <animation id="mixamorig_Neck-anim" name="mixamorig_Neck"><source id="mixamorig_Neck-Matrix-animation-input"><float_array id="mixamorig_Neck-Matrix-animation-input-array" count="32">

0.000000 0.033333 0.066667 0.100000 0.133333 0.166667 0.200000 0.233333 0.266667 0.300000 0.333333 0.366667 0.400000 0.433333 0.466667 0.500000
0.533333 0.566667 0.600000 0.633333 0.666667 0.700000 0.733333 0.766667 0.800000 0.833333 0.866667 0.900000 0.933333 0.966667 1.000000 1.033333</float_array><technique_common><accessor source="#mixamorig_Neck-Matrix-animation-input-array" count="32"><param name="TIME" type="float"/></accessor></technique_common></source><source id="mixamorig_Neck-Matrix-animation-output-transform"><float_array id="mixamorig_Neck-Matrix-animation-output-transform-array" count="512">

0.994486 0.005575 -0.104723 -0.000000 -0.020307 0.989923 -0.140141 0.042800 0.102886 0.141495 0.984578 0.000000 0.000000 0.000000 0.000000 1.000000
0.994420 0.006484 -0.105290 0.000000 -0.020980 0.990326 -0.137165 0.042800 0.103382 0.138609 0.984936 0.000000 0.000000 0.000000 0.000000 1.000000
0.994345 0.009198 -0.105797 -0.000000 -0.023310 0.990850 -0.132941 0.042800 0.103606 0.134656 0.985461 0.000000 0.000000 0.000000 0.000000 1.000000
0.994222 0.012952 -0.106564 0.000000 -0.026465 0.991627 -0.126392 0.042800 0.104034 0.128482 0.986240 0.000000 0.000000 0.000000 0.000000 1.000000
0.993997 0.016417 -0.108165 0.000000 -0.029514 0.992259 -0.120626 0.042800 0.105347 0.123094 0.986788 -0.000000 0.000000 0.000000 0.000000 1.000000
0.993846 0.019343 -0.109068 0.000000 -0.032343 0.992401 -0.118721 0.042800 0.105943 0.121518 0.986919 0.000000 0.000000 0.000000 0.000000 1.000000
0.993838 0.019510 -0.109110 -0.000000 -0.032356 0.992578 -0.117227 0.042800 0.106013 0.120035 0.987093 0.000000 0.000000 0.000000 0.000000 1.000000
0.993867 0.016594 -0.109331 -0.000000 -0.029509 0.992624 -0.117591 0.042800 0.106574 0.120096 0.987025 0.000000 0.000000 0.000000 0.000000 1.000000
0.993928 0.014025 -0.109138 0.000000 -0.027334 0.992224 -0.121424 0.042800 0.106587 0.123670 0.986583 0.000000 0.000000 0.000000 0.000000 1.000000
0.994108 0.014742 -0.107384 -0.000000 -0.028077 0.991916 -0.123751 0.042800 0.104692 0.126037 0.986486 0.000000 0.000000 0.000000 0.000000 1.000000
0.994229 0.014876 -0.106246 0.000000 -0.027859 0.992166 -0.121778 0.042800 0.103602 0.124035 0.986855 -0.000000 0.000000 0.000000 0.000000 1.000000
0.994293 0.013086 -0.105878 0.000000 -0.025747 0.992546 -0.119117 0.042800 0.103530 0.121163 0.987219 -0.000000 0.000000 0.000000 0.000000 1.000000
0.994479 0.015447 -0.103793 -0.000000 -0.027743 0.992615 -0.118091 0.042800 0.101202 0.120318 0.987563 0.000000 0.000000 0.000000 0.000000 1.000000
0.994711 0.022156 -0.100294 0.000000 -0.034069 0.992348 -0.118677 0.042800 0.096898 0.121467 0.987855 0.000000 0.000000 0.000000 0.000000 1.000000
0.994778 0.028164 -0.098101 0.000000 -0.040181 0.991621 -0.122770 0.042800 0.093822 0.126071 0.987575 -0.000000 0.000000 0.000000 0.000000 1.000000
0.994720 0.031320 -0.097732 -0.000000 -0.043934 0.990578 -0.129708 0.042800 0.092748 0.133317 0.986724 -0.000000 0.000000 0.000000 0.000000 1.000000
0.994668 0.032632 -0.097833 0.000000 -0.045753 0.989785 -0.135031 0.042800 0.092427 0.138787 0.986000 0.000000 0.000000 0.000000 0.000000 1.000000
0.994673 0.032847 -0.097702 0.000000 -0.046122 0.989513 -0.136883 0.042800 0.092182 0.140660 0.985757 0.000000 0.000000 0.000000 0.000000 1.000000
0.994787 0.029688 -0.097556 -0.000000 -0.042959 0.989655 -0.136887 0.042800 0.092483 0.140364 0.985771 0.000000 0.000000 0.000000 0.000000 1.000000
0.994906 0.023687 -0.097980 0.000000 -0.036864 0.990166 -0.134950 0.042800 0.093819 0.137875 0.985996 -0.000000 0.000000 0.000000 0.000000 1.000000
0.994815 0.023506 -0.098949 0.000000 -0.036401 0.990767 -0.130598 0.042800 0.094965 0.133523 0.986485 0.000000 0.000000 0.000000 0.000000 1.000000
0.994631 0.023557 -0.100766 0.000000 -0.036141 0.991506 -0.124938 0.042800 0.096967 0.127909 0.987034 0.000000 0.000000 0.000000 0.000000 1.000000
0.994478 0.021887 -0.102642 0.000000 -0.034160 0.992260 -0.119388 0.042800 0.099235 0.122235 0.987528 -0.000000 0.000000 0.000000 0.000000 1.000000
0.994423 0.022818 -0.102970 0.000000 -0.034986 0.992402 -0.117959 0.042800 0.099496 0.120903 0.987665 0.000000 0.000000 0.000000 0.000000 1.000000
0.994543 0.022578 -0.101857 0.000000 -0.034751 0.992241 -0.119370 0.042800 0.098371 0.122258 0.987611 0.000000 0.000000 0.000000 0.000000 1.000000
0.994751 0.024267 -0.099410 0.000000 -0.036181 0.992131 -0.119862 0.042800 0.095719 0.122829 0.987801 0.000000 0.000000 0.000000 0.000000 1.000000
0.994988 0.023902 -0.097100 0.000000 -0.035767 0.991842 -0.122355 0.042800 0.093383 0.125214 0.987725 0.000000 0.000000 0.000000 0.000000 1.000000
0.995077 0.013038 -0.098246 0.000000 -0.025708 0.991335 -0.128820 0.042800 0.095715 0.130711 0.986789 0.000000 0.000000 0.000000 0.000000 1.000000
0.994893 0.009424 -0.100498 0.000000 -0.022492 0.991298 -0.129705 0.042800 0.098401 0.131303 0.986447 0.000000 0.000000 0.000000 0.000000 1.000000
0.994776 0.008750 -0.101709 0.000000 -0.022133 0.991108 -0.131209 0.042800 0.099657 0.132774 0.986123 0.000000 0.000000 0.000000 0.000000 1.000000
0.994661 0.008233 -0.102871 0.000000 -0.022297 0.990413 -0.136330 0.042800 0.100763 0.137895 0.985308 0.000000 0.000000 0.000000 0.000000 1.000000
0.994486 0.005575 -0.104723 0.000000 -0.020307 0.989923 -0.140141 0.042800 0.102886 0.141495 0.984578 0.000000 0.000000 0.000000 0.000000 1.000000</float_array><technique_common><accessor source="#mixamorig_Neck-Matrix-animation-output-transform-array" count="32" stride="16"><param type="float4x4"/></accessor></technique_common></source><source id="mixamorig_Neck-Interpolations"><Name_array id="mixamorig_Neck-Interpolations-array" count="32">
 LINEAR LINEAR LINEAR LINEAR LINEAR LINEAR LINEAR LINEAR LINEAR LINEAR LINEAR
LINEAR LINEAR LINEAR LINEAR LINEAR LINEAR LINEAR LINEAR LINEAR LINEAR LINEAR LINEAR
LINEAR LINEAR LINEAR LINEAR LINEAR LINEAR LINEAR LINEAR LINEAR</Name_array><technique_common><accessor source="#mixamorig_Neck-Interpolations-array" count="32"><param type="name"/></accessor></technique_common></source><sampler id="mixamorig_Neck-Matrix-animation-transform"><input semantic="INPUT" source="#mixamorig_Neck-Matrix-animation-input"/><input semantic="OUTPUT" source="#mixamorig_Neck-Matrix-animation-output-transform"/><input semantic="INTERPOLATION" source="#mixamorig_Neck-Interpolations"/></sampler><channel source="#mixamorig_Neck-Matrix-animation-transform" target="mixamorig_Neck/matrix"/></animation>
    <animation id="mixamorig_Head-anim" name="mixamorig_Head"><source id="mixamorig_Head-Matrix-animation-input"><float_array id="mixamorig_Head-Matrix-animation-input-array" count="32">

0.000000 0.033333 0.066667 0.100000 0.133333 0.166667 0.200000 0.233333 0.266667 0.300000 0.333333 0.366667 0.400000 0.433333 0.466667 0.500000
0.533333 0.566667 0.600000 0.633333 0.666667 0.700000 0.733333 0.766667 0.800000 0.833333 0.866667 0.900000 0.933333 0.966667 1.000000 1.033333</float_array><technique_common><accessor source="#mixamorig_Head-Matrix-animation-input-array" count="32"><param name="TIME" type="float"/></accessor></technique_common></source><source id="mixamorig_Head-Matrix-animation-output-transform"><float_array id="mixamorig_Head-Matrix-animation-output-transform-array" count="512">

0.811259 -0.084352 -0.578570 0.000000 0.164675 0.982444 0.087669 0.010600 0.561017 -0.166398 0.810908 0.008600 0.000000 0.000000 0.000000 1.000000
0.808955 -0.089937 -0.580951 0.000000 0.168458 0.982249 0.082510 0.010600 0.563218 -0.164613 0.809746 0.008600 0.000000 0.000000 0.000000 1.000000
0.805240 -0.095092 -0.585275 0.000000 0.177625 0.980413 0.085090 0.010600 0.565719 -0.172478 0.806358 0.008600 0.000000 0.000000 0.000000 1.000000
0.801711 -0.096872 -0.589810 -0.000000 0.185697 0.978316 0.091732 0.010600 0.568134 -0.183068 0.802315 0.008600 0.000000 0.000000 0.000000 1.000000
0.798632 -0.092698 -0.594637 0.000000 0.189352 0.976590 0.102069 0.010600 0.571255 -0.194111 0.797489 0.008600 0.000000 0.000000 0.000000 1.000000
0.796852 -0.090503 -0.597357 0.000000 0.196330 0.973847 0.114353 0.010600 0.571385 -0.208401 0.793781 0.008600 0.000000 0.000000 0.000000 1.000000
0.794796 -0.098159 -0.598885 0.000000 0.211404 0.969804 0.121606 0.010600 0.568865 -0.223259 0.791548 0.008600 0.000000 0.000000 0.000000 1.000000
0.791012 -0.110590 -0.601722 -0.000000 0.226115 0.966734 0.119572 0.010600 0.568482 -0.230641 0.789704 0.008600 0.000000 0.000000 0.000000 1.000000
0.787794 -0.123230 -0.603485 -0.000000 0.230249 0.967668 0.102973 0.010600 0.571284 -0.220074 0.790697 0.008600 0.000000 0.000000 0.000000 1.000000
0.788377 -0.135194 -0.600154 0.000000 0.225999 0.970988 0.078148 0.010600 0.572177 -0.197244 0.796058 0.008600 0.000000 0.000000 0.000000 1.000000
0.785312 -0.149569 -0.600761 0.000000 0.236234 0.969351 0.067469 0.010600 0.572257 -0.194904 0.796576 0.008600 0.000000 0.000000 0.000000 1.000000
0.779859 -0.163596 -0.604200 0.000000 0.259442 0.962908 0.074148 0.010600 0.569658 -0.214579 0.793376 0.008600 0.000000 0.000000 0.000000 1.000000
0.785780 -0.160197 -0.597401 -0.000000 0.259415 0.962175 0.083203 0.010600 0.561475 -0.220354 0.797615 0.008600 0.000000 0.000000 0.000000 1.000000
0.799714 -0.141510 -0.583466 0.000000 0.234937 0.968090 0.087217 0.010600 0.552505 -0.206826 0.807441 0.008600 0.000000 0.000000 0.000000 1.000000
0.807471 -0.125853 -0.576325 0.000000 0.211182 0.973899 0.083208 0.010600 0.550810 -0.188897 0.812973 0.008600 0.000000 0.000000 0.000000 1.000000
0.809005 -0.116703 -0.576101 0.000000 0.195267 0.977791 0.076134 0.010600 0.554421 -0.174086 0.813825 0.008600 0.000000 0.000000 0.000000 1.000000
0.810023 -0.108753 -0.576225 -0.000000 0.182854 0.980501 0.071991 0.010600 0.557160 -0.163680 0.814114 0.008600 0.000000 0.000000 0.000000 1.000000
0.811749 -0.101712 -0.575081 0.000000 0.173518 0.982254 0.071201 0.010600 0.557634 -0.157584 0.814992 0.008600 0.000000 0.000000 0.000000 1.000000
0.812658 -0.101074 -0.573908 0.000000 0.172666 0.982383 0.071483 0.010600 0.556573 -0.157186 0.815794 0.008600 0.000000 0.000000 0.000000 1.000000
0.810091 -0.110149 -0.575865 0.000000 0.182732 0.980705 0.069470 0.010600 0.557102 -0.161506 0.814588 0.008600 0.000000 0.000000 0.000000 1.000000
0.803238 -0.120635 -0.583314 0.000000 0.193472 0.979020 0.063945 0.010600 0.563362 -0.164218 0.809726 0.008600 0.000000 0.000000 0.000000 1.000000
0.795464 -0.124178 -0.593142 0.000000 0.200292 0.977648 0.063934 0.010600 0.571945 -0.169659 0.802555 0.008600 0.000000 0.000000 0.000000 1.000000
0.790674 -0.119933 -0.600376 0.000000 0.206105 0.975530 0.076558 0.010600 0.576503 -0.184273 0.796045 0.008600 0.000000 0.000000 0.000000 1.000000
0.792405 -0.106241 -0.600672 0.000000 0.206765 0.973201 0.100634 0.010600 0.573884 -0.203941 0.793136 0.008600 0.000000 0.000000 0.000000 1.000000
0.801852 -0.086443 -0.591237 0.000000 0.192634 0.974047 0.118844 0.010600 0.565620 -0.209187 0.797693 0.008600 0.000000 0.000000 0.000000 1.000000
0.815810 -0.067823 -0.574329 0.000000 0.171612 0.976759 0.128422 0.010600 0.552271 -0.203330 0.808488 0.008600 0.000000 0.000000 0.000000 1.000000
0.826477 -0.058040 -0.559971 0.000000 0.161595 0.977272 0.137209 0.010600 0.539281 -0.203888 0.817072 0.008600 0.000000 0.000000 0.000000 1.000000
0.826836 -0.059388 -0.559299 -0.000000 0.163328 0.976912 0.137724 0.010600 0.538207 -0.205224 0.817445 0.008600 0.000000 0.000000 0.000000 1.000000
0.820618 -0.068413 -0.567368 0.000000 0.165817 0.978602 0.121831 0.010600 0.546892 -0.194056 0.814402 0.008600 0.000000 0.000000 0.000000 1.000000
0.817391 -0.077235 -0.570883 0.000000 0.165620 0.980641 0.104464 0.010600 0.551763 -0.179938 0.814358 0.008600 0.000000 0.000000 0.000000 1.000000
0.815268 -0.079722 -0.573570 0.000000 0.162641 0.982133 0.094667 0.010600 0.555775 -0.170465 0.813668 0.008600 0.000000 0.000000 0.000000 1.000000
0.811259 -0.084352 -0.578570 0.000000 0.164675 0.982444 0.087669 0.010600 0.561017 -0.166398 0.810908 0.008600 0.000000 0.000000 0.000000 1.000000</float_array><technique_common><accessor source="#mixamorig_Head-Matrix-animation-output-transform-array" count="32" stride="16"><param type="float4x4"/></accessor></technique_common></source><source id="mixamorig_Head-Interpolations"><Name_array id="mixamorig_Head-Interpolations-array" count="32">
 LINEAR LINEAR LINEAR LINEAR LINEAR LINEAR LINEAR LINEAR LINEAR LINEAR LINEAR
LINEAR LINEAR LINEAR LINEAR LINEAR LINEAR LINEAR LINEAR LINEAR LINEAR LINEAR LINEAR
