<?xml version="1.0" encoding="utf-8"?>
<COLLADA xmlns="http://www.collada.org/2005/11/COLLADASchema" version="1.4.1">
  <asset><contributor><author>Mixamo</author><authoring_tool>COLLADA Mixamo exporter</authoring_tool><comments></comments></contributor><created>2014-08-29T16:11:01Z</created><modified>2014-08-29T16:11:01Z</modified><revision></revision><title></title><unit meter="0.025400"/><up_axis>Y_UP</up_axis></asset>
  <library_animations>
    <animation id="mixamorig_Hips-anim" name="mixamorig_Hips"><source id="mixamorig_Hips-Matrix-animation-input"><float_array id="mixamorig_Hips-Matrix-animation-input-array" count="21">

0.000000 0.033333 0.066667 0.100000 0.133333 0.166667 0.200000 0.233333 0.266667 0.300000 0.333333 0.366667 0.400000 0.433333 0.466667 0.500000
0.533333 0.566667 0.600000 0.633333 0.666667</float_array><technique_common><accessor source="#mixamorig_Hips-Matrix-animation-input-array" count="21"><param name="TIME" type="float"/></accessor></technique_common></source><source id="mixamorig_Hips-Matrix-animation-output-transform"><float_array id="mixamorig_Hips-Matrix-animation-output-transform-array" count="336">

0.158051 -0.339833 -0.927110 0.002136 -0.015798 0.937921 -0.346489 0.330925 0.987305 0.069409 0.142871 0.000742 0.000000 0.000000 0.000000 1.000000
0.140820 -0.352889 -0.925007 -0.053018 0.014209 0.934942 -0.354516 0.331231 0.989933 0.036779 0.136673 0.001231 0.000000 0.000000 0.000000 1.000000
0.126525 -0.362123 -0.923503 -0.108810 0.061067 0.932063 -0.357113 0.334112 0.990082 -0.011212 0.140043 0.001837 0.000000 0.000000 0.000000 1.000000
0.127036 -0.366047 -0.921885 -0.165996 0.107522 0.929020 -0.354063 0.337520 0.986053 -0.054144 0.157377 0.001997 0.000000 0.000000 0.000000 1.000000
0.149664 -0.360985 -0.920484 -0.225186 0.122190 0.930586 -0.345080 0.339847 0.981158 -0.060828 0.183384 0.001562 0.000000 0.000000 0.000000 1.000000
0.190218 -0.342528 -0.920050 -0.287429 0.095892 0.939162 -0.329818 0.340771 0.977047 -0.025488 0.211491 0.001066 0.000000 0.000000 0.000000 1.000000
0.236301 -0.313093 -0.919856 -0.351276 0.058702 0.949536 -0.308116 0.340989 0.969905 0.018811 0.242755 0.001011 0.000000 0.000000 0.000000 1.000000
0.265868 -0.289541 -0.919500 -0.411546 0.046260 0.956562 -0.287836 0.339480 0.962899 0.033990 0.267713 0.001647 0.000000 0.000000 0.000000 1.000000
0.272308 -0.291240 -0.917076 -0.466597 0.064051 0.956465 -0.284731 0.336131 0.960076 0.018795 0.279108 0.002833 0.000000 0.000000 0.000000 1.000000
0.270718 -0.316569 -0.909118 -0.518967 0.094806 0.948559 -0.302071 0.332033 0.957979 -0.004414 0.286804 0.004343 0.000000 0.000000 0.000000 1.000000
0.274508 -0.339894 -0.899510 -0.571297 0.117976 0.940282 -0.319297 0.329217 0.954320 -0.018471 0.298214 0.005818 0.000000 0.000000 0.000000 1.000000
0.280850 -0.341802 -0.896825 -0.624073 0.115402 0.939681 -0.321996 0.328738 0.952788 -0.013062 0.303354 0.006609 0.000000 0.000000 0.000000 1.000000
0.282473 -0.329759 -0.900815 -0.676779 0.079157 0.943868 -0.320698 0.330681 0.956004 0.019283 0.292720 0.006052 0.000000 0.000000 0.000000 1.000000
0.276013 -0.321887 -0.905652 -0.729471 0.019987 0.943973 -0.329416 0.333944 0.960946 0.072821 0.266983 0.004267 0.000000 0.000000 0.000000 1.000000
0.260345 -0.328047 -0.908078 -0.782788 -0.026866 0.937686 -0.346445 0.337878 0.965142 0.114591 0.235309 0.002429 0.000000 0.000000 0.000000 1.000000
0.238213 -0.341864 -0.909056 -0.837211 -0.033541 0.932547 -0.359487 0.340750 0.970633 0.116125 0.210679 0.001556 0.000000 0.000000 0.000000 1.000000
0.214262 -0.347839 -0.912743 -0.893148 -0.014765 0.933184 -0.359095 0.341393 0.976665 0.090417 0.194811 0.001629 0.000000 0.000000 0.000000 1.000000
0.190094 -0.340946 -0.920663 -0.950373 -0.002746 0.937574 -0.347775 0.339622 0.981762 0.068638 0.177291 0.001749 0.000000 0.000000 0.000000 1.000000
0.169965 -0.331821 -0.927904 -1.006284 -0.007823 0.941121 -0.337981 0.336268 0.985419 0.064704 0.157362 0.001415 0.000000 0.000000 0.000000 1.000000
0.159363 -0.331604 -0.929862 -1.058861 -0.016460 0.940875 -0.338352 0.333046 0.987083 0.069227 0.144482 0.000857 0.000000 0.000000 0.000000 1.000000
0.158051 -0.339833 -0.927110 -1.109230 -0.015798 0.937921 -0.346489 0.330925 0.987305 0.069409 0.142871 0.000742 0.000000 0.000000 0.000000 1.000000</float_array><technique_common><accessor source="#mixamorig_Hips-Matrix-animation-output-transform-array" count="21" stride="16"><param type="float4x4"/></accessor></technique_common></source><source id="mixamorig_Hips-Interpolations"><Name_array id="mixamorig_Hips-Interpolations-array" count="21">
 LINEAR LINEAR LINEAR LINEAR LINEAR LINEAR LINEAR LINEAR LINEAR LINEAR LINEAR
LINEAR LINEAR LINEAR LINEAR LINEAR LINEAR LINEAR LINEAR LINEAR LINEAR</Name_array><technique_common><accessor source="#mixamorig_Hips-Interpolations-array" count="21"><param type="name"/></accessor></technique_common></source><sampler id="mixamorig_Hips-Matrix-animation-transform"><input semantic="INPUT" source="#mixamorig_Hips-Matrix-animation-input"/><input semantic="OUTPUT" source="#mixamorig_Hips-Matrix-animation-output-transform"/><input semantic="INTERPOLATION" source="#mixamorig_Hips-Interpolations"/></sampler><channel source="#mixamorig_Hips-Matrix-animation-transform" target="mixamorig_Hips/matrix"/></animation>
    <animation id="mixamorig_Spine-anim" name="mixamorig_Spine"><source id="mixamorig_Spine-Matrix-animation-input"><float_array id="mixamorig_Spine-Matrix-animation-input-array" count="21">

0.000000 0.033333 0.066667 0.100000 0.133333 0.166667 0.200000 0.233333 0.266667 0.300000 0.333333 0.366667 0.400000 0.433333 0.466667 0.500000
0.533333 0.566667 0.600000 0.633333 0.666667</float_array><technique_common><accessor source="#mixamorig_Spine-Matrix-animation-input-array" count="21"><param name="TIME" type="float"/></accessor></technique_common></source><source id="mixamorig_Spine-Matrix-animation-output-transform"><float_array id="mixamorig_Spine-Matrix-animation-output-transform-array" count="336">

0.983057 0.038214 0.179272 0.000000 -0.019910 0.994501 -0.102814 0.028500 -0.182216 0.097503 0.978412 -0.001600 0.000000 0.000000 0.000000 1.000000
0.973374 0.078853 0.215232 0.000000 -0.055785 0.992228 -0.111232 0.028500 -0.222330 0.096264 0.970207 -0.001600 0.000000 0.000000 0.000000 1.000000
0.957806 0.136019 0.253193 0.000000 -0.108864 0.986981 -0.118396 0.028500 -0.266001 0.085837 0.960144 -0.001600 0.000000 0.000000 0.000000 1.000000
0.938412 0.186568 0.290818 -0.000000 -0.156345 0.979872 -0.124123 0.028500 -0.308122 0.071010 0.948693 -0.001600 0.000000 0.000000 0.000000 1.000000
0.924863 0.200178 0.323353 -0.000000 -0.169082 0.978039 -0.121862 0.028500 -0.340646 0.058033 0.938399 -0.001600 0.000000 0.000000 0.000000 1.000000
0.923883 0.171703 0.341992 -0.000000 -0.143058 0.983859 -0.107495 0.028500 -0.354929 0.050388 0.933534 -0.001600 0.000000 0.000000 0.000000 1.000000
0.933910 0.129289 0.333311 0.000000 -0.104959 0.990388 -0.090080 0.028500 -0.341753 0.049143 0.938504 -0.001600 0.000000 0.000000 0.000000 1.000000
0.949324 0.108435 0.295002 0.000000 -0.087305 0.992640 -0.083921 0.028500 -0.301931 0.053913 0.951804 -0.001600 0.000000 0.000000 0.000000 1.000000
0.965082 0.113521 0.236071 0.000000 -0.094804 0.991490 -0.089215 0.028500 -0.244190 0.063719 0.967632 -0.001600 0.000000 0.000000 0.000000 1.000000
0.976340 0.125142 0.176349 0.000000 -0.109071 0.989182 -0.098093 0.028500 -0.186716 0.076538 0.979428 -0.001600 0.000000 0.000000 0.000000 1.000000
0.982813 0.126431 0.134513 0.000000 -0.112628 0.987997 -0.105724 0.028500 -0.146265 0.088757 0.985256 -0.001600 0.000000 0.000000 0.000000 1.000000
0.987844 0.108392 0.111428 -0.000000 -0.096603 0.989635 -0.106257 0.028500 -0.121791 0.094201 0.988075 -0.001600 0.000000 0.000000 0.000000 1.000000
0.993251 0.068598 0.093520 0.000000 -0.059735 0.993733 -0.094479 0.028500 -0.099415 0.088255 0.991125 -0.001600 0.000000 0.000000 0.000000 1.000000
0.997392 0.015751 0.070435 0.000000 -0.010447 0.997126 -0.075041 0.028500 -0.071415 0.074109 0.994690 -0.001600 0.000000 0.000000 0.000000 1.000000
0.998834 -0.023485 0.042187 0.000000 0.026025 0.997818 -0.060684 0.028500 -0.040670 0.061711 0.997265 -0.001600 0.000000 0.000000 0.000000 1.000000
0.999474 -0.026486 0.018728 0.000000 0.027533 0.997936 -0.058022 0.028500 -0.017152 0.058507 0.998140 -0.001600 0.000000 0.000000 0.000000 1.000000
0.999892 -0.002030 0.014571 0.000000 0.002941 0.998020 -0.062827 0.028500 -0.014414 0.062863 0.997918 -0.001600 0.000000 0.000000 0.000000 1.000000
0.999005 0.023470 0.037927 -0.000000 -0.020764 0.997316 -0.070215 0.028500 -0.039474 0.069358 0.996811 -0.001600 0.000000 0.000000 0.000000 1.000000
0.995982 0.032915 0.083285 0.000000 -0.026327 0.996528 -0.078992 0.028500 -0.085596 0.076482 0.993390 -0.001600 0.000000 0.000000 0.000000 1.000000
0.990300 0.032358 0.135126 -0.000000 -0.020339 0.995788 -0.089398 0.028500 -0.137450 0.085783 0.986787 -0.001600 0.000000 0.000000 0.000000 1.000000
0.983057 0.038214 0.179272 0.000000 -0.019909 0.994501 -0.102814 0.028500 -0.182215 0.097503 0.978412 -0.001600 0.000000 0.000000 0.000000 1.000000</float_array><technique_common><accessor source="#mixamorig_Spine-Matrix-animation-output-transform-array" count="21" stride="16"><param type="float4x4"/></accessor></technique_common></source><source id="mixamorig_Spine-Interpolations"><Name_array id="mixamorig_Spine-Interpolations-array" count="21">
 LINEAR LINEAR LINEAR LINEAR LINEAR LINEAR LINEAR LINEAR LINEAR LINEAR LINEAR
LINEAR LINEAR LINEAR LINEAR LINEAR LINEAR LINEAR LINEAR LINEAR LINEAR</Name_array><technique_common><accessor source="#mixamorig_Spine-Interpolations-array" count="21"><param type="name"/></accessor></technique_common></source><sampler id="mixamorig_Spine-Matrix-animation-transform"><input semantic="INPUT" source="#mixamorig_Spine-Matrix-animation-input"/><input semantic="OUTPUT" source="#mixamorig_Spine-Matrix-animation-output-transform"/><input semantic="INTERPOLATION" source="#mixamorig_Spine-Interpolations"/></sampler><channel source="#mixamorig_Spine-Matrix-animation-transform" target="mixamorig_Spine/matrix"/></animation>
    <animation id="mixamorig_Spine1-anim" name="mixamorig_Spine1"><source id="mixamorig_Spine1-Matrix-animation-input"><float_array id="mixamorig_Spine1-Matrix-animation-input-array" count="21">

0.000000 0.033333 0.066667 0.100000 0.133333 0.166667 0.200000 0.233333 0.266667 0.300000 0.333333 0.366667 0.400000 0.433333 0.466667 0.500000
0.533333 0.566667 0.600000 0.633333 0.666667</float_array><technique_common><accessor source="#mixamorig_Spine1-Matrix-animation-input-array" count="21"><param name="TIME" type="float"/></accessor></technique_common></source><source id="mixamorig_Spine1-Matrix-animation-output-transform"><float_array id="mixamorig_Spine1-Matrix-animation-output-transform-array" count="336">

0.997047 0.019370 0.074312 0.000000 -0.014810 0.998001 -0.061439 0.033300 -0.075353 0.060157 0.995341 0.000000 0.000000 0.000000 0.000000 1.000000
0.995082 0.031273 0.093990 -0.000000 -0.025493 0.997745 -0.062082 0.033300 -0.095719 0.059381 0.993636 0.000000 0.000000 0.000000 0.000000 1.000000
0.992561 0.044435 0.113346 0.000000 -0.037689 0.997427 -0.060982 0.033300 -0.115764 0.056257 0.991682 0.000000 0.000000 0.000000 0.000000 1.000000
0.990176 0.053773 0.129074 0.000000 -0.046481 0.997183 -0.058862 0.033300 -0.131876 0.052284 0.989886 0.000000 0.000000 0.000000 0.000000 1.000000
0.988807 0.055795 0.138378 0.000000 -0.048524 0.997286 -0.055380 0.033300 -0.141092 0.048045 0.988830 0.000000 0.000000 0.000000 0.000000 1.000000
0.988696 0.052032 0.140618 0.000000 -0.045300 0.997688 -0.050662 0.033300 -0.142929 0.043719 0.988767 0.000000 0.000000 0.000000 0.000000 1.000000
0.989580 0.047453 0.135941 0.000000 -0.041424 0.998043 -0.046845 0.033300 -0.137898 0.040726 0.989609 -0.000000 0.000000 0.000000 0.000000 1.000000
0.991305 0.045486 0.123476 0.000000 -0.040022 0.998122 -0.046376 0.033300 -0.125354 0.041031 0.991263 0.000000 0.000000 0.000000 0.000000 1.000000
0.993574 0.045673 0.103560 -0.000000 -0.040735 0.997953 -0.049309 0.033300 -0.105600 0.044774 0.993400 0.000000 0.000000 0.000000 0.000000 1.000000
0.995647 0.045687 0.081238 0.000000 -0.041398 0.997697 -0.053726 0.033300 -0.083505 0.050129 0.995246 -0.000000 0.000000 0.000000 0.000000 1.000000
0.997034 0.043780 0.063290 0.000000 -0.040148 0.997535 -0.057550 0.033300 -0.065653 0.054839 0.996334 -0.000000 0.000000 0.000000 0.000000 1.000000
0.997964 0.038405 0.050913 -0.000000 -0.035394 0.997643 -0.058792 0.033300 -0.053051 0.056870 0.996971 0.000000 0.000000 0.000000 0.000000 1.000000
0.998809 0.027940 0.040007 -0.000000 -0.025658 0.998075 -0.056460 0.033300 -0.041507 0.055366 0.997603 0.000000 0.000000 0.000000 0.000000 1.000000
0.999508 0.014153 0.027978 0.000000 -0.012679 0.998556 -0.052199 0.033300 -0.028677 0.051818 0.998245 0.000000 0.000000 0.000000 0.000000 1.000000
0.999859 0.003699 0.016369 0.000000 -0.002896 0.998803 -0.048824 0.033300 -0.016530 0.048770 0.998673 -0.000000 0.000000 0.000000 0.000000 1.000000
0.999955 0.002060 0.009217 0.000000 -0.001620 0.998873 -0.047441 0.033300 -0.009304 0.047423 0.998832 0.000000 0.000000 0.000000 0.000000 1.000000
0.999919 0.007334 0.010388 0.000000 -0.006832 0.998848 -0.047489 0.033300 -0.010724 0.047414 0.998818 0.000000 0.000000 0.000000 0.000000 1.000000
0.999701 0.012880 0.020765 -0.000000 -0.011856 0.998742 -0.048716 0.033300 -0.021366 0.048455 0.998597 0.000000 0.000000 0.000000 0.000000 1.000000
0.999186 0.015069 0.037412 0.000000 -0.013130 0.998584 -0.051557 0.033300 -0.038136 0.051024 0.997969 -0.000000 0.000000 0.000000 0.000000 1.000000
0.998297 0.015915 0.056116 0.000000 -0.012765 0.998346 -0.056053 0.033300 -0.056915 0.055241 0.996850 0.000000 0.000000 0.000000 0.000000 1.000000
0.997047 0.019370 0.074312 0.000000 -0.014810 0.998001 -0.061439 0.033300 -0.075353 0.060157 0.995341 0.000000 0.000000 0.000000 0.000000 1.000000</float_array><technique_common><accessor source="#mixamorig_Spine1-Matrix-animation-output-transform-array" count="21" stride="16"><param type="float4x4"/></accessor></technique_common></source><source id="mixamorig_Spine1-Interpolations"><Name_array id="mixamorig_Spine1-Interpolations-array" count="21">
 LINEAR LINEAR LINEAR LINEAR LINEAR LINEAR LINEAR LINEAR LINEAR LINEAR LINEAR
LINEAR LINEAR LINEAR LINEAR LINEAR LINEAR LINEAR LINEAR LINEAR LINEAR</Name_array><technique_common><accessor source="#mixamorig_Spine1-Interpolations-array" count="21"><param type="name"/></accessor></technique_common></source><sampler id="mixamorig_Spine1-Matrix-animation-transform"><input semantic="INPUT" source="#mixamorig_Spine1-Matrix-animation-input"/><input semantic="OUTPUT" source="#mixamorig_Spine1-Matrix-animation-output-transform"/><input semantic="INTERPOLATION" source="#mixamorig_Spine1-Interpolations"/></sampler><channel source="#mixamorig_Spine1-Matrix-animation-transform" target="mixamorig_Spine1/matrix"/></animation>
    <animation id="mixamorig_Spine2-anim" name="mixamorig_Spine2"><source id="mixamorig_Spine2-Matrix-animation-input"><float_array id="mixamorig_Spine2-Matrix-animation-input-array" count="21">

0.000000 0.033333 0.066667 0.100000 0.133333 0.166667 0.200000 0.233333 0.266667 0.300000 0.333333 0.366667 0.400000 0.433333 0.466667 0.500000
0.533333 0.566667 0.600000 0.633333 0.666667</float_array><technique_common><accessor source="#mixamorig_Spine2-Matrix-animation-input-array" count="21"><param name="TIME" type="float"/></accessor></technique_common></source><source id="mixamorig_Spine2-Matrix-animation-output-transform"><float_array id="mixamorig_Spine2-Matrix-animation-output-transform-array" count="336">

0.997042 0.020253 0.074142 0.000000 -0.015709 0.997992 -0.061358 0.038000 -0.075236 0.060011 0.995358 0.000000 0.000000 0.000000 0.000000 1.000000
0.995073 0.032470 0.093674 -0.000000 -0.026722 0.997720 -0.061972 0.038000 -0.095473 0.059164 0.993672 0.000000 0.000000 0.000000 0.000000 1.000000
0.992538 0.045764 0.113020 0.000000 -0.039090 0.997397 -0.060585 0.038000 -0.115498 0.055715 0.991744 -0.000000 0.000000 0.000000 0.000000 1.000000
0.990132 0.055178 0.128815 0.000000 -0.048013 0.997157 -0.058080 0.038000 -0.131653 0.051322 0.989966 -0.000000 0.000000 0.000000 0.000000 1.000000
0.988750 0.057432 0.138111 0.000000 -0.050324 0.997249 -0.054423 0.038000 -0.140857 0.046860 0.988920 -0.000000 0.000000 0.000000 0.000000 1.000000
0.988647 0.054105 0.140180 0.000000 -0.047521 0.997623 -0.049903 0.038000 -0.142547 0.042675 0.988868 -0.000000 0.000000 0.000000 0.000000 1.000000
0.989551 0.049888 0.135279 -0.000000 -0.043959 0.997952 -0.046467 0.038000 -0.137320 0.040035 0.989717 -0.000000 0.000000 0.000000 0.000000 1.000000
0.991285 0.047854 0.122733 -0.000000 -0.042455 0.998028 -0.046232 0.038000 -0.124703 0.040619 0.991362 0.000000 0.000000 0.000000 0.000000 1.000000
0.993552 0.047525 0.102935 0.000000 -0.042641 0.997881 -0.049142 0.038000 -0.105053 0.044436 0.993473 0.000000 0.000000 0.000000 0.000000 1.000000
0.995624 0.046929 0.080806 -0.000000 -0.042689 0.997659 -0.053426 0.038000 -0.083124 0.049743 0.995297 -0.000000 0.000000 0.000000 0.000000 1.000000
0.997015 0.044643 0.062999 0.000000 -0.041052 0.997519 -0.057186 0.038000 -0.065396 0.054429 0.996374 0.000000 0.000000 0.000000 0.000000 1.000000
0.997946 0.039098 0.050746 0.000000 -0.036113 0.997636 -0.058459 0.038000 -0.052912 0.056506 0.996999 0.000000 0.000000 0.000000 0.000000 1.000000
0.998793 0.028455 0.040039 0.000000 -0.026183 0.998077 -0.056178 0.038000 -0.041561 0.055061 0.997618 0.000000 0.000000 0.000000 0.000000 1.000000
0.999496 0.014434 0.028258 0.000000 -0.012951 0.998565 -0.051963 0.038000 -0.028968 0.051571 0.998249 0.000000 0.000000 0.000000 0.000000 1.000000
0.999852 0.003801 0.016800 -0.000000 -0.002980 0.998811 -0.048652 0.038000 -0.016965 0.048595 0.998674 0.000000 0.000000 0.000000 0.000000 1.000000
0.999951 0.002119 0.009627 0.000000 -0.001661 0.998878 -0.047323 0.038000 -0.009716 0.047305 0.998833 -0.000000 0.000000 0.000000 0.000000 1.000000
0.999915 0.007451 0.010663 -0.000000 -0.006938 0.998852 -0.047388 0.038000 -0.011004 0.047310 0.998820 0.000000 0.000000 0.000000 0.000000 1.000000
0.999696 0.013093 0.020904 0.000000 -0.012065 0.998746 -0.048589 0.038000 -0.021514 0.048322 0.998600 0.000000 0.000000 0.000000 0.000000 1.000000
0.999179 0.015417 0.037457 -0.000000 -0.013481 0.998587 -0.051395 0.038000 -0.038197 0.050848 0.997976 0.000000 0.000000 0.000000 0.000000 1.000000
0.998291 0.016478 0.056074 0.000000 -0.013339 0.998347 -0.055900 0.038000 -0.056903 0.055056 0.996861 -0.000000 0.000000 0.000000 0.000000 1.000000
0.997042 0.020253 0.074142 0.000000 -0.015709 0.997992 -0.061358 0.038000 -0.075236 0.060011 0.995358 0.000000 0.000000 0.000000 0.000000 1.000000</float_array><technique_common><accessor source="#mixamorig_Spine2-Matrix-animation-output-transform-array" count="21" stride="16"><param type="float4x4"/></accessor></technique_common></source><source id="mixamorig_Spine2-Interpolations"><Name_array id="mixamorig_Spine2-Interpolations-array" count="21">
 LINEAR LINEAR LINEAR LINEAR LINEAR LINEAR LINEAR LINEAR LINEAR LINEAR LINEAR
LINEAR LINEAR LINEAR LINEAR LINEAR LINEAR LINEAR LINEAR LINEAR LINEAR</Name_array><technique_common><accessor source="#mixamorig_Spine2-Interpolations-array" count="21"><param type="name"/></accessor></technique_common></source><sampler id="mixamorig_Spine2-Matrix-animation-transform"><input semantic="INPUT" source="#mixamorig_Spine2-Matrix-animation-input"/><input semantic="OUTPUT" source="#mixamorig_Spine2-Matrix-animation-output-transform"/><input semantic="INTERPOLATION" source="#mixamorig_Spine2-Interpolations"/></sampler><channel source="#mixamorig_Spine2-Matrix-animation-transform" target="mixamorig_Spine2/matrix"/></animation>
    <animation id="mixamorig_Neck-anim" name="mixamorig_Neck"><source id="mixamorig_Neck-Matrix-animation-input"><float_array id="mixamorig_Neck-Matrix-animation-input-array" count="21">

0.000000 0.033333 0.066667 0.100000 0.133333 0.166667 0.200000 0.233333 0.266667 0.300000 0.333333 0.366667 0.400000 0.433333 0.466667 0.500000
0.533333 0.566667 0.600000 0.633333 0.666667</float_array><technique_common><accessor source="#mixamorig_Neck-Matrix-animation-input-array" count="21"><param name="TIME" type="float"/></accessor></technique_common></source><source id="mixamorig_Neck-Matrix-animation-output-transform"><float_array id="mixamorig_Neck-Matrix-animation-output-transform-array" count="336">

0.991883 -0.029422 0.123702 0.000000 0.030995 0.999461 -0.010812 0.042800 -0.123317 0.014558 0.992260 0.000000 0.000000 0.000000 0.000000 1.000000
0.993269 -0.042848 0.107617 -0.000000 0.044305 0.998955 -0.011181 0.042800 -0.107026 0.015874 0.994130 -0.000000 0.000000 0.000000 0.000000 1.000000
0.994454 -0.055699 0.089207 0.000000 0.057873 0.998082 -0.021971 0.042800 -0.087812 0.027012 0.995771 -0.000000 0.000000 0.000000 0.000000 1.000000
0.995462 -0.063036 0.071287 0.000000 0.065984 0.997028 -0.039769 0.042800 -0.068568 0.044293 0.996663 -0.000000 0.000000 0.000000 0.000000 1.000000
0.996223 -0.064967 0.057605 0.000000 0.068332 0.995945 -0.058512 0.042800 -0.053570 0.062228 0.996623 0.000000 0.000000 0.000000 0.000000 1.000000
0.996443 -0.066950 0.051184 0.000000 0.070531 0.994931 -0.071677 0.042800 -0.046125 0.075032 0.996114 0.000000 0.000000 0.000000 0.000000 1.000000
0.996000 -0.070892 0.054389 0.000000 0.074826 0.994441 -0.074088 0.042800 -0.048834 0.077861 0.995767 0.000000 0.000000 0.000000 0.000000 1.000000
0.995168 -0.070248 0.068598 0.000000 0.074678 0.995133 -0.064298 0.042800 -0.063747 0.069110 0.995570 0.000000 0.000000 0.000000 0.000000 1.000000
0.994135 -0.059428 0.090356 -0.000000 0.063954 0.996796 -0.048044 0.042800 -0.087211 0.053541 0.994750 0.000000 0.000000 0.000000 0.000000 1.000000
0.992912 -0.044562 0.110185 0.000000 0.048716 0.998189 -0.035298 0.042800 -0.108413 0.040416 0.993284 -0.000000 0.000000 0.000000 0.000000 1.000000
0.991942 -0.036871 0.121208 0.000000 0.040977 0.998661 -0.031564 0.042800 -0.119882 0.036277 0.992125 -0.000000 0.000000 0.000000 0.000000 1.000000
0.991155 -0.036657 0.127548 -0.000000 0.041419 0.998533 -0.034884 0.042800 -0.126082 0.039859 0.991219 -0.000000 0.000000 0.000000 0.000000 1.000000
0.989868 -0.034202 0.137813 0.000000 0.039942 0.998437 -0.039104 0.042800 -0.136261 0.044213 0.989686 -0.000000 0.000000 0.000000 0.000000 1.000000
0.987765 -0.025112 0.153912 0.000000 0.031286 0.998795 -0.037824 0.042800 -0.152777 0.042176 0.987360 0.000000 0.000000 0.000000 0.000000 1.000000
0.985230 -0.014774 0.170597 0.000000 0.020013 0.999378 -0.029034 0.042800 -0.170062 0.032020 0.984913 0.000000 0.000000 0.000000 0.000000 1.000000
0.983453 -0.009645 0.180905 0.000000 0.013179 0.999745 -0.018339 0.042800 -0.180682 0.020420 0.983330 0.000000 0.000000 0.000000 0.000000 1.000000
0.983509 -0.010488 0.180554 0.000000 0.013288 0.999809 -0.014308 0.042800 -0.180370 0.016471 0.983461 0.000000 0.000000 0.000000 0.000000 1.000000
0.985314 -0.014219 0.170162 -0.000000 0.017617 0.999674 -0.018472 0.042800 -0.169844 0.021199 0.985243 -0.000000 0.000000 0.000000 0.000000 1.000000
0.987838 -0.018535 0.154380 0.000000 0.022369 0.999482 -0.023138 0.042800 -0.153871 0.026310 0.987741 0.000000 0.000000 0.000000 0.000000 1.000000
0.990142 -0.023298 0.138115 0.000000 0.026415 0.999435 -0.020779 0.042800 -0.137553 0.024222 0.990198 0.000000 0.000000 0.000000 0.000000 1.000000
0.991883 -0.029422 0.123702 -0.000000 0.030995 0.999461 -0.010812 0.042800 -0.123317 0.014558 0.992260 0.000000 0.000000 0.000000 0.000000 1.000000</float_array><technique_common><accessor source="#mixamorig_Neck-Matrix-animation-output-transform-array" count="21" stride="16"><param type="float4x4"/></accessor></technique_common></source><source id="mixamorig_Neck-Interpolations"><Name_array id="mixamorig_Neck-Interpolations-array" count="21">
 LINEAR LINEAR LINEAR LINEAR LINEAR LINEAR LINEAR LINEAR LINEAR LINEAR LINEAR
LINEAR LINEAR LINEAR LINEAR LINEAR LINEAR LINEAR LINEAR LINEAR LINEAR</Name_array><technique_common><accessor source="#mixamorig_Neck-Interpolations-array" count="21"><param type="name"/></accessor></technique_common></source><sampler id="mixamorig_Neck-Matrix-animation-transform"><input semantic="INPUT" source="#mixamorig_Neck-Matrix-animation-input"/><input semantic="OUTPUT" source="#mixamorig_Neck-Matrix-animation-output-transform"/><input semantic="INTERPOLATION" source="#mixamorig_Neck-Interpolations"/></sampler><channel source="#mixamorig_Neck-Matrix-animation-transform" target="mixamorig_Neck/matrix"/></animation>
    <animation id="mixamorig_Head-anim" name="mixamorig_Head"><source id="mixamorig_Head-Matrix-animation-input"><float_array id="mixamorig_Head-Matrix-animation-input-array" count="21">

0.000000 0.033333 0.066667 0.100000 0.133333 0.166667 0.200000 0.233333 0.266667 0.300000 0.333333 0.366667 0.400000 0.433333 0.466667 0.500000
0.533333 0.566667 0.600000 0.633333 0.666667</float_array><technique_common><accessor source="#mixamorig_Head-Matrix-animation-input-array" count="21"><param name="TIME" type="float"/></accessor></technique_common></source><source id="mixamorig_Head-Matrix-animation-output-transform"><float_array id="mixamorig_Head-Matrix-animation-output-transform-array" count="336">

0.619056 0.210529 0.756602 0.000000 -0.500839 0.847900 0.173856 0.010600 -0.604921 -0.486563 0.630339 0.008600 0.000000 0.000000 0.000000 1.000000
0.653465 0.211300 0.726867 -0.000000 -0.484532 0.854509 0.187197 0.010600 -0.581560 -0.474517 0.660774 0.008600 0.000000 0.000000 0.000000 1.000000
0.693850 0.210093 0.688791 0.000000 -0.458590 0.866378 0.197697 0.010600 -0.555219 -0.453044 0.697483 0.008600 0.000000 0.000000 0.000000 1.000000
0.731953 0.214678 0.646651 0.000000 -0.434870 0.877816 0.200814 0.010600 -0.524531 -0.428196 0.735878 0.008600 0.000000 0.000000 0.000000 1.000000
0.758916 0.226894 0.610381 -0.000000 -0.419949 0.886906 0.192458 0.010600 -0.497683 -0.402388 0.768372 0.008600 0.000000 0.000000 0.000000 1.000000
0.770376 0.237737 0.591610 0.000000 -0.409641 0.895590 0.173531 0.010600 -0.488585 -0.376032 0.787328 0.008600 0.000000 0.000000 0.000000 1.000000
0.765475 0.235312 0.598896 -0.000000 -0.398394 0.904205 0.153933 0.010600 -0.505303 -0.356428 0.785893 0.008600 0.000000 0.000000 0.000000 1.000000
0.743310 0.217868 0.632475 -0.000000 -0.392355 0.907761 0.148416 0.010600 -0.541801 -0.358474 0.760229 0.008600 0.000000 0.000000 0.000000 1.000000
0.708126 0.196194 0.678281 -0.000000 -0.404975 0.899765 0.162536 0.010600 -0.578405 -0.389783 0.716601 0.008600 0.000000 0.000000 0.000000 1.000000
0.674939 0.182396 0.714975 -0.000000 -0.435689 0.880530 0.186661 0.010600 -0.595510 -0.437492 0.673772 0.008600 0.000000 0.000000 0.000000 1.000000
0.655845 0.179129 0.733335 0.000000 -0.463480 0.862337 0.203866 0.010600 -0.595863 -0.473590 0.648582 0.008600 0.000000 0.000000 0.000000 1.000000
0.640933 0.181485 0.745834 -0.000000 -0.471323 0.859957 0.195776 0.010600 -0.605855 -0.477008 0.636713 0.008600 0.000000 0.000000 0.000000 1.000000
0.609545 0.187922 0.770156 0.000000 -0.465277 0.871377 0.155626 0.010600 -0.641850 -0.453197 0.618580 0.008600 0.000000 0.000000 0.000000 1.000000
0.558501 0.197601 0.805625 0.000000 -0.460749 0.881510 0.103201 0.010600 -0.689774 -0.428829 0.583368 0.008600 0.000000 0.000000 0.000000 1.000000
0.508663 0.199934 0.837430 0.000000 -0.463381 0.883345 0.070566 0.010600 -0.725631 -0.423943 0.541970 0.008600 0.000000 0.000000 0.000000 1.000000
0.485761 0.187272 0.853795 -0.000000 -0.467035 0.881268 0.072419 0.010600 -0.738860 -0.433930 0.515548 0.008600 0.000000 0.000000 0.000000 1.000000
0.497618 0.169327 0.850708 -0.000000 -0.464701 0.880179 0.096632 0.010600 -0.732413 -0.443411 0.516680 0.008600 0.000000 0.000000 0.000000 1.000000
0.530826 0.162817 0.831694 0.000000 -0.461000 0.878951 0.122164 0.010600 -0.711128 -0.448259 0.541629 0.008600 0.000000 0.000000 0.000000 1.000000
0.566396 0.173406 0.805684 -0.000000 -0.467181 0.872918 0.140552 0.010600 -0.678924 -0.456008 0.575429 0.008600 0.000000 0.000000 0.000000 1.000000
0.595213 0.193125 0.780016 -0.000000 -0.484047 0.860989 0.156193 0.010600 -0.641420 -0.470532 0.605953 0.008600 0.000000 0.000000 0.000000 1.000000
0.619056 0.210529 0.756602 0.000000 -0.500839 0.847900 0.173856 0.010600 -0.604921 -0.486563 0.630339 0.008600 0.000000 0.000000 0.000000 1.000000</float_array><technique_common><accessor source="#mixamorig_Head-Matrix-animation-output-transform-array" count="21" stride="16"><param type="float4x4"/></accessor></technique_common></source><source id="mixamorig_Head-Interpolations"><Name_array id="mixamorig_Head-Interpolations-array" count="21">
 LINEAR LINEAR LINEAR LINEAR LINEAR LINEAR LINEAR LINEAR LINEAR LINEAR LINEAR
LINEAR LINEAR LINEAR LINEAR LINEAR LINEAR LINEAR LINEAR LINEAR LINEAR</Name_array><technique_common><accessor source="#mixamorig_Head-Interpolations-array" count="21"><param type="name"/></accessor></technique_common></source><sampler id="mixamorig_Head-Matrix-animation-transform"><input semantic="INPUT" source="#mixamorig_Head-Matrix-animation-input"/><input semantic="OUTPUT" source="#mixamorig_Head-Matrix-animation-output-transform"/><input semantic="INTERPOLATION" source="#mixamorig_Head-Interpolations"/></sampler><channel source="#mixamorig_Head-Matrix-animation-transform" target="mixamorig_Head/matrix"/></animation>
    <animation id="mixamorig_LeftShoulder-anim" name="mixamorig_LeftShoulder"><source id="mixamorig_LeftShoulder-Matrix-animation-input"><float_array id="mixamorig_LeftShoulder-Matrix-animation-input-array" count="21">

0.000000 0.033333 0.066667 0.100000 0.133333 0.166667 0.200000 0.233333 0.266667 0.300000 0.333333 0.366667 0.400000 0.433333 0.466667 0.500000
0.533333 0.566667 0.600000 0.633333 0.666667</float_array><technique_common><accessor source="#mixamorig_LeftShoulder-Matrix-animation-input-array" count="21"><param name="TIME" type="float"/></accessor></technique_common></source><source id="mixamorig_LeftShoulder-Matrix-animation-output-transform"><float_array id="mixamorig_LeftShoulder-Matrix-animation-output-transform-array" count="336">

-0.061955 0.879992 -0.470930 0.014000 0.013939 -0.471028 -0.882008 0.037300 -0.997982 -0.061209 0.016916 -0.000300 0.000000 0.000000 0.000000 1.000000
-0.113238 0.887592 -0.446495 0.014000 0.012984 -0.448026 -0.893926 0.037300 -0.993483 -0.107024 0.039209 -0.000300 0.000000 0.000000 0.000000 1.000000
-0.166371 0.906148 -0.388866 0.014000 0.005362 -0.393525 -0.919298 0.037300 -0.986049 -0.155030 0.060612 -0.000300 0.000000 0.000000 0.000000 1.000000
-0.204379 0.929091 -0.308253 0.014000 -0.010753 -0.317011 -0.948361 0.037300 -0.978833 -0.190510 0.074780 -0.000300 0.000000 0.000000 0.000000 1.000000
-0.215716 0.948850 -0.230543 0.014000 -0.028117 -0.242040 -0.969859 0.037300 -0.976051 -0.202732 0.078891 -0.000300 0.000000 0.000000 0.000000 1.000000
-0.205433 0.961560 -0.182206 0.014000 -0.037856 -0.193845 -0.980302 0.037300 -0.977939 -0.194489 0.076223 -0.000300 0.000000 0.000000 0.000000 1.000000
-0.187430 0.965937 -0.178424 0.014000 -0.037922 -0.188624 -0.981317 0.037300 -0.981546 -0.177162 0.071984 -0.000300 0.000000 0.000000 0.000000 1.000000
-0.167837 0.959209 -0.227484 0.014000 -0.028238 -0.235341 -0.971503 0.037300 -0.985410 -0.156631 0.066585 -0.000300 0.000000 0.000000 0.000000 1.000000
-0.136566 0.935455 -0.325996 0.014000 -0.008851 -0.330218 -0.943863 0.037300 -0.990591 -0.126015 0.053376 -0.000300 0.000000 0.000000 0.000000 1.000000
-0.077500 0.893142 -0.443048 0.014000 0.010736 -0.443611 -0.896155 0.037300 -0.996935 -0.074208 0.024791 -0.000300 0.000000 0.000000 0.000000 1.000000
0.003319 0.848530 -0.529137 0.014000 0.016428 -0.529115 -0.848391 0.037300 -0.999860 -0.005877 -0.015696 -0.000300 0.000000 0.000000 0.000000 1.000000
0.071905 0.827322 -0.557108 0.014000 0.011949 -0.559228 -0.828928 0.037300 -0.997340 0.052947 -0.050097 -0.000300 0.000000 0.000000 0.000000 1.000000
0.100657 0.836666 -0.538385 0.014000 0.010092 -0.541964 -0.840341 0.037300 -0.994870 0.079153 -0.062996 -0.000300 0.000000 0.000000 0.000000 1.000000
0.088145 0.860926 -0.501036 0.014000 0.011649 -0.503850 -0.863713 0.037300 -0.996040 0.070295 -0.054441 -0.000300 0.000000 0.000000 0.000000 1.000000
0.050770 0.881629 -0.469205 0.014000 0.012151 -0.470321 -0.882412 0.037300 -0.998636 0.039099 -0.034591 -0.000300 0.000000 0.000000 0.000000 1.000000
0.012280 0.890609 -0.454604 0.014000 0.011608 -0.454734 -0.890552 0.037300 -0.999857 0.005658 -0.015922 -0.000300 0.000000 0.000000 0.000000 1.000000
-0.009300 0.890165 -0.455543 0.014000 0.011885 -0.455432 -0.890191 0.037300 -0.999886 -0.013693 -0.006344 -0.000300 0.000000 0.000000 0.000000 1.000000
-0.014083 0.886384 -0.462737 0.014000 0.012670 -0.462588 -0.886483 0.037300 -0.999821 -0.018347 -0.004716 -0.000300 0.000000 0.000000 0.000000 1.000000
-0.016932 0.883245 -0.468607 0.014000 0.013135 -0.468437 -0.883399 0.037300 -0.999770 -0.021113 -0.003670 -0.000300 0.000000 0.000000 0.000000 1.000000
-0.031438 0.881408 -0.471309 0.014000 0.013429 -0.471127 -0.881963 0.037300 -0.999415 -0.034056 0.002975 -0.000300 0.000000 0.000000 0.000000 1.000000
-0.061954 0.879993 -0.470929 0.014000 0.013939 -0.471027 -0.882009 0.037300 -0.997982 -0.061209 0.016916 -0.000300 0.000000 0.000000 0.000000 1.000000</float_array><technique_common><accessor source="#mixamorig_LeftShoulder-Matrix-animation-output-transform-array" count="21" stride="16"><param type="float4x4"/></accessor></technique_common></source><source id="mixamorig_LeftShoulder-Interpolations"><Name_array id="mixamorig_LeftShoulder-Interpolations-array" count="21">
 LINEAR LINEAR LINEAR LINEAR LINEAR LINEAR LINEAR LINEAR LINEAR LINEAR LINEAR
LINEAR LINEAR LINEAR LINEAR LINEAR LINEAR LINEAR LINEAR LINEAR LINEAR</Name_array><technique_common><accessor source="#mixamorig_LeftShoulder-Interpolations-array" count="21"><param type="name"/></accessor></technique_common></source><sampler id="mixamorig_LeftShoulder-Matrix-animation-transform"><input semantic="INPUT" source="#mixamorig_LeftShoulder-Matrix-animation-input"/><input semantic="OUTPUT" source="#mixamorig_LeftShoulder-Matrix-animation-output-transform"/><input semantic="INTERPOLATION" source="#mixamorig_LeftShoulder-Interpolations"/></sampler><channel source="#mixamorig_LeftShoulder-Matrix-animation-transform" target="mixamorig_LeftShoulder/matrix"/></animation>
    <animation id="mixamorig_LeftArm-anim" name="mixamorig_LeftArm"><source id="mixamorig_LeftArm-Matrix-animation-input"><float_array id="mixamorig_LeftArm-Matrix-animation-input-array" count="21">

0.000000 0.033333 0.066667 0.100000 0.133333 0.166667 0.200000 0.233333 0.266667 0.300000 0.333333 0.366667 0.400000 0.433333 0.466667 0.500000
0.533333 0.566667 0.600000 0.633333 0.666667</float_array><technique_common><accessor source="#mixamorig_LeftArm-Matrix-animation-input-array" count="21"><param name="TIME" type="float"/></accessor></technique_common></source><source id="mixamorig_LeftArm-Matrix-animation-output-transform"><float_array id="mixamorig_LeftArm-Matrix-animation-output-transform-array" count="336">

0.973596 0.112969 0.198364 0.000000 0.007308 0.853094 -0.521706 0.032100 -0.228160 0.509381 0.829744 0.000000 0.000000 0.000000 0.000000 1.000000
0.952544 0.241343 0.185506 -0.000000 -0.098109 0.820308 -0.563445 0.032100 -0.288156 0.518506 0.805057 -0.000000 0.000000 0.000000 0.000000 1.000000
0.903068 0.385941 0.188464 0.000000 -0.204515 0.772265 -0.601481 0.032100 -0.377680 0.504634 0.776339 0.000000 0.000000 0.000000 0.000000 1.000000
0.830961 0.522434 0.191223 0.000000 -0.297177 0.707407 -0.641297 0.032100 -0.470308 0.476065 0.743083 -0.000000 0.000000 0.000000 0.000000 1.000000
0.763244 0.620159 0.181277 0.000000 -0.363425 0.644043 -0.673150 0.032100 -0.534210 0.447898 0.716943 -0.000000 0.000000 0.000000 0.000000 1.000000
0.726555 0.667736 0.162008 -0.000000 -0.400783 0.603360 -0.689441 0.032100 -0.558114 0.435987 0.705992 0.000000 0.000000 0.000000 0.000000 1.000000
0.725485 0.674182 0.138383 -0.000000 -0.412554 0.586940 -0.696635 0.032100 -0.550881 0.448308 0.703953 -0.000000 0.000000 0.000000 0.000000 1.000000
0.755415 0.645756 0.111119 0.000000 -0.405836 0.594241 -0.694388 0.032100 -0.514437 0.479455 0.710970 0.000000 0.000000 0.000000 0.000000 1.000000
0.813481 0.574720 0.089139 0.000000 -0.380694 0.642061 -0.665454 0.032100 -0.439682 0.507400 0.741097 0.000000 0.000000 0.000000 0.000000 1.000000
0.889869 0.447351 0.089496 -0.000000 -0.310825 0.738094 -0.598836 0.032100 -0.333947 0.505068 0.795855 0.000000 0.000000 0.000000 0.000000 1.000000
0.958351 0.259261 0.119776 -0.000000 -0.165472 0.845902 -0.507020 0.032100 -0.232769 0.466084 0.853572 0.000000 0.000000 0.000000 0.000000 1.000000
0.984094 0.047676 0.171131 0.000000 0.027549 0.910706 -0.412136 0.032100 -0.175499 0.410295 0.894907 -0.000000 0.000000 0.000000 0.000000 1.000000
0.966986 -0.123433 0.222942 0.000000 0.193047 0.925911 -0.324686 0.032100 -0.166347 0.357005 0.919171 -0.000000 0.000000 0.000000 0.000000 1.000000
0.939873 -0.235705 0.247148 -0.000000 0.296929 0.921498 -0.250349 0.032100 -0.168738 0.308682 0.936079 0.000000 0.000000 0.000000 0.000000 1.000000
0.923135 -0.308802 0.229046 0.000000 0.355043 0.913281 -0.199654 0.032100 -0.147530 0.265629 0.952720 -0.000000 0.000000 0.000000 0.000000 1.000000
0.919551 -0.345217 0.187753 0.000000 0.378548 0.906412 -0.187400 0.032100 -0.105488 0.243397 0.964173 0.000000 0.000000 0.000000 0.000000 1.000000
0.931571 -0.324201 0.164527 0.000000 0.355113 0.908401 -0.220685 0.032100 -0.077910 0.264009 0.961368 0.000000 0.000000 0.000000 0.000000 1.000000
0.954775 -0.238171 0.177985 0.000000 0.282264 0.914186 -0.290846 0.032100 -0.093440 0.327931 0.940069 0.000000 0.000000 0.000000 0.000000 1.000000
0.971940 -0.114944 0.205231 -0.000000 0.187229 0.906194 -0.379154 0.032100 -0.142398 0.406940 0.902288 0.000000 0.000000 0.000000 0.000000 1.000000
0.976501 0.007129 0.215397 0.000000 0.095342 0.882040 -0.461427 0.032100 -0.193278 0.471120 0.860633 0.000000 0.000000 0.000000 0.000000 1.000000
0.973596 0.112969 0.198364 0.000000 0.007308 0.853094 -0.521706 0.032100 -0.228160 0.509381 0.829743 0.000000 0.000000 0.000000 0.000000 1.000000</float_array><technique_common><accessor source="#mixamorig_LeftArm-Matrix-animation-output-transform-array" count="21" stride="16"><param type="float4x4"/></accessor></technique_common></source><source id="mixamorig_LeftArm-Interpolations"><Name_array id="mixamorig_LeftArm-Interpolations-array" count="21">
 LINEAR LINEAR LINEAR LINEAR LINEAR LINEAR LINEAR LINEAR LINEAR LINEAR LINEAR
LINEAR LINEAR LINEAR LINEAR LINEAR LINEAR LINEAR LINEAR LINEAR LINEAR</Name_array><technique_common><accessor source="#mixamorig_LeftArm-Interpolations-array" count="21"><param type="name"/></accessor></technique_common></source><sampler id="mixamorig_LeftArm-Matrix-animation-transform"><input semantic="INPUT" source="#mixamorig_LeftArm-Matrix-animation-input"/><input semantic="OUTPUT" source="#mixamorig_LeftArm-Matrix-animation-output-transform"/><input semantic="INTERPOLATION" source="#mixamorig_LeftArm-Interpolations"/></sampler><channel source="#mixamorig_LeftArm-Matrix-animation-transform" target="mixamorig_LeftArm/matrix"/></animation>
    <animation id="mixamorig_LeftForeArm-anim" name="mixamorig_LeftForeArm"><source id="mixamorig_LeftForeArm-Matrix-animation-input"><float_array id="mixamorig_LeftForeArm-Matrix-animation-input-array" count="21">

0.000000 0.033333 0.066667 0.100000 0.133333 0.166667 0.200000 0.233333 0.266667 0.300000 0.333333 0.366667 0.400000 0.433333 0.466667 0.500000
