<?xml version="1.0" encoding="utf-8"?>
<COLLADA xmlns="http://www.collada.org/2005/11/COLLADASchema" version="1.4.1">
  <asset><contributor><author>Mixamo</author><authoring_tool>COLLADA Mixamo exporter</authoring_tool><comments></comments></contributor><created>2014-08-29T16:11:01Z</created><modified>2014-08-29T16:11:01Z</modified><revision></revision><title></title><unit meter="0.025400"/><up_axis>Y_UP</up_axis></asset>
  <library_animations>
    <animation id="mixamorig_Hips-anim" name="mixamorig_Hips"><source id="mixamorig_Hips-Matrix-animation-input"><float_array id="mixamorig_Hips-Matrix-animation-input-array" count="21">

0.000000 0.033333 0.066667 0.100000 0.133333 0.166667 0.200000 0.233333 0.266667 0.300000 0.333333 0.366667 0.400000 0.433333 0.466667 0.500000
0.533333 0.566667 0.600000 0.633333 0.666667</float_array><technique_common><accessor source="#mixamorig_Hips-Matrix-animation-input-array" count="21"><param name="TIME" type="float"/></accessor></technique_common></source><source id="mixamorig_Hips-Matrix-animation-output-transform"><float_array id="mixamorig_Hips-Matrix-animation-output-transform-array" count="336">

0.283936 0.337883 0.897338 -0.002643 -0.108581 0.941165 -0.320028 0.330062 -0.952675 -0.006566 0.303919 -0.000150 0.000000 0.000000 0.000000 1.000000
0.281198 0.334492 0.899468 0.048320 -0.102498 0.942395 -0.318412 0.329111 -0.954160 -0.002657 0.299284 -0.000162 0.000000 0.000000 0.000000 1.000000
0.278329 0.326560 0.903267 0.100245 -0.064329 0.944654 -0.321700 0.332000 -0.958329 0.031432 0.283932 -0.001413 0.000000 0.000000 0.000000 1.000000
0.272228 0.322136 0.906708 0.153815 0.009637 0.941336 -0.337332 0.335878 -0.962184 0.100569 0.253154 -0.003543 0.000000 0.000000 0.000000 1.000000
0.246781 0.332363 0.910293 0.207577 0.045398 0.934350 -0.353454 0.339148 -0.968007 0.128551 0.215491 -0.005043 0.000000 0.000000 0.000000 1.000000
0.227347 0.350648 0.908493 0.262538 0.018430 0.931206 -0.364026 0.341119 -0.973639 0.099503 0.205244 -0.005195 0.000000 0.000000 0.000000 1.000000
0.207040 0.346751 0.914822 0.318616 -0.000080 0.935088 -0.354414 0.340181 -0.978333 0.073305 0.193628 -0.004727 0.000000 0.000000 0.000000 1.000000
0.177282 0.332958 0.926126 0.376956 0.005715 0.940668 -0.339280 0.337549 -0.984144 0.065441 0.164860 -0.005041 0.000000 0.000000 0.000000 1.000000
0.161420 0.325987 0.931491 0.431176 0.017804 0.942754 -0.333014 0.334815 -0.986725 0.070339 0.146375 -0.005914 0.000000 0.000000 0.000000 1.000000
0.160246 0.338342 0.927279 0.480981 0.015468 0.938443 -0.345088 0.331367 -0.986956 0.069642 0.145148 -0.005942 0.000000 0.000000 0.000000 1.000000
0.152981 0.346234 0.925591 0.535068 0.004339 0.936371 -0.350984 0.330008 -0.988220 0.057711 0.141745 -0.005912 0.000000 0.000000 0.000000 1.000000
0.132107 0.361765 0.922862 0.588759 -0.032724 0.932106 -0.360704 0.332179 -0.990695 0.017452 0.134976 -0.005162 0.000000 0.000000 0.000000 1.000000
0.123079 0.360574 0.924574 0.646847 -0.080628 0.932211 -0.352819 0.336805 -0.989116 -0.031122 0.143808 -0.004829 0.000000 0.000000 0.000000 1.000000
0.137742 0.365260 0.920658 0.704532 -0.132008 0.927996 -0.348421 0.338791 -0.981632 -0.073542 0.176042 -0.004763 0.000000 0.000000 0.000000 1.000000
0.171760 0.354058 0.919316 0.763492 -0.118724 0.933822 -0.337463 0.341491 -0.977959 -0.051182 0.202428 -0.005627 0.000000 0.000000 0.000000 1.000000
0.209432 0.331084 0.920066 0.827893 -0.068851 0.943591 -0.323877 0.340629 -0.975396 0.004483 0.220414 -0.005612 0.000000 0.000000 0.000000 1.000000
0.255351 0.301675 0.918579 0.892201 -0.046914 0.952823 -0.299879 0.340848 -0.965709 0.033481 0.257457 -0.005229 0.000000 0.000000 0.000000 1.000000
0.284307 0.282881 0.916050 0.948936 -0.057268 0.958784 -0.278304 0.338906 -0.957021 0.026663 0.288789 -0.004727 0.000000 0.000000 0.000000 1.000000
0.265839 0.293442 0.918271 1.002671 -0.071693 0.955926 -0.284720 0.334389 -0.961348 0.009856 0.275160 -0.003038 0.000000 0.000000 0.000000 1.000000
0.266242 0.344748 0.900147 1.052846 -0.114937 0.938545 -0.325459 0.329357 -0.957029 -0.016810 0.289504 -0.002146 0.000000 0.000000 0.000000 1.000000
0.283936 0.337883 0.897338 1.108723 -0.108581 0.941165 -0.320028 0.330062 -0.952675 -0.006566 0.303919 -0.000150 0.000000 0.000000 0.000000 1.000000</float_array><technique_common><accessor source="#mixamorig_Hips-Matrix-animation-output-transform-array" count="21" stride="16"><param type="float4x4"/></accessor></technique_common></source><source id="mixamorig_Hips-Interpolations"><Name_array id="mixamorig_Hips-Interpolations-array" count="21">
 LINEAR LINEAR LINEAR LINEAR LINEAR LINEAR LINEAR LINEAR LINEAR LINEAR LINEAR
LINEAR LINEAR LINEAR LINEAR LINEAR LINEAR LINEAR LINEAR LINEAR LINEAR</Name_array><technique_common><accessor source="#mixamorig_Hips-Interpolations-array" count="21"><param type="name"/></accessor></technique_common></source><sampler id="mixamorig_Hips-Matrix-animation-transform"><input semantic="INPUT" source="#mixamorig_Hips-Matrix-animation-input"/><input semantic="OUTPUT" source="#mixamorig_Hips-Matrix-animation-output-transform"/><input semantic="INTERPOLATION" source="#mixamorig_Hips-Interpolations"/></sampler><channel source="#mixamorig_Hips-Matrix-animation-transform" target="mixamorig_Hips/matrix"/></animation>
    <animation id="mixamorig_Spine-anim" name="mixamorig_Spine"><source id="mixamorig_Spine-Matrix-animation-input"><float_array id="mixamorig_Spine-Matrix-animation-input-array" count="21">

0.000000 0.033333 0.066667 0.100000 0.133333 0.166667 0.200000 0.233333 0.266667 0.300000 0.333333 0.366667 0.400000 0.433333 0.466667 0.500000
0.533333 0.566667 0.600000 0.633333 0.666667</float_array><technique_common><accessor source="#mixamorig_Spine-Matrix-animation-input-array" count="21"><param name="TIME" type="float"/></accessor></technique_common></source><source id="mixamorig_Spine-Matrix-animation-output-transform"><float_array id="mixamorig_Spine-Matrix-animation-output-transform-array" count="336">

0.985390 -0.110076 -0.129961 0.000000 0.096355 0.989522 -0.107529 0.028500 0.140436 0.093435 0.985671 -0.001600 0.000000 0.000000 0.000000 1.000000
0.990253 -0.094621 -0.102207 -0.000000 0.083989 0.991051 -0.103753 0.028500 0.111109 0.094158 0.989338 -0.001600 0.000000 0.000000 0.000000 1.000000
0.995663 -0.046987 -0.080291 0.000000 0.040085 0.995530 -0.085514 0.028500 0.083950 0.081925 0.993096 -0.001600 0.000000 0.000000 0.000000 1.000000
0.998246 0.012041 -0.057959 0.000000 -0.015850 0.997712 -0.065719 0.028500 0.057036 0.066523 0.996153 -0.001600 0.000000 0.000000 0.000000 1.000000
0.999007 0.032979 -0.029958 0.000000 -0.034656 0.997757 -0.057276 0.028500 0.028002 0.058258 0.997909 -0.001600 0.000000 0.000000 0.000000 1.000000
0.999842 0.014403 -0.010460 0.000000 -0.015010 0.998059 -0.060443 0.028500 0.009569 0.060590 0.998117 -0.001600 0.000000 0.000000 0.000000 1.000000
0.999718 -0.014453 -0.018850 0.000000 0.013147 0.997624 -0.067620 0.028500 0.019782 0.067354 0.997533 -0.001600 0.000000 0.000000 0.000000 1.000000
0.997846 -0.032234 -0.057128 0.000000 0.027961 0.996860 -0.074077 0.028500 0.059337 0.072320 0.995615 -0.001600 0.000000 0.000000 0.000000 1.000000
0.993392 -0.029940 -0.110797 0.000000 0.020837 0.996379 -0.082426 0.028500 0.112864 0.079573 0.990419 -0.001600 0.000000 0.000000 0.000000 1.000000
0.986828 -0.031134 -0.158750 0.000000 0.015955 0.995253 -0.096009 0.028500 0.160986 0.092212 0.982640 -0.001600 0.000000 0.000000 0.000000 1.000000
0.978895 -0.052554 -0.197490 -0.000000 0.031557 0.993650 -0.108003 0.028500 0.201912 0.099491 0.974337 -0.001600 0.000000 0.000000 0.000000 1.000000
0.966839 -0.102925 -0.233727 0.000000 0.077788 0.990390 -0.114355 0.028500 0.243251 0.092382 0.965554 -0.001600 0.000000 0.000000 0.000000 1.000000
0.948190 -0.165058 -0.271461 0.000000 0.136623 0.983250 -0.120637 0.028500 0.286826 0.077299 0.954859 -0.001600 0.000000 0.000000 0.000000 1.000000
0.929730 -0.203818 -0.306692 0.000000 0.172685 0.976918 -0.125739 0.028500 0.325241 0.063942 0.943467 -0.001600 0.000000 0.000000 0.000000 1.000000
0.922950 -0.192174 -0.333516 0.000000 0.161676 0.979861 -0.117191 0.028500 0.349321 0.054240 0.935432 -0.001600 0.000000 0.000000 0.000000 1.000000
0.928600 -0.148310 -0.340157 0.000000 0.122102 0.987734 -0.097329 0.028500 0.350419 0.048846 0.935318 -0.001600 0.000000 0.000000 0.000000 1.000000
0.941903 -0.112338 -0.316543 -0.000000 0.090116 0.992379 -0.084037 0.028500 0.323571 0.050629 0.944848 -0.001600 0.000000 0.000000 0.000000 1.000000
0.957875 -0.108478 -0.265909 -0.000000 0.088364 0.992324 -0.086510 0.028500 0.273252 0.059369 0.960109 -0.001600 0.000000 0.000000 0.000000 1.000000
0.971584 -0.122341 -0.202625 -0.000000 0.104924 0.989969 -0.094618 0.028500 0.212168 0.070669 0.974675 -0.001600 0.000000 0.000000 0.000000 1.000000
0.980846 -0.127831 -0.146974 0.000000 0.113796 0.988432 -0.100262 0.028500 0.158090 0.081617 0.984046 -0.001600 0.000000 0.000000 0.000000 1.000000
0.985390 -0.110076 -0.129961 0.000000 0.096356 0.989522 -0.107529 0.028500 0.140435 0.093435 0.985671 -0.001600 0.000000 0.000000 0.000000 1.000000</float_array><technique_common><accessor source="#mixamorig_Spine-Matrix-animation-output-transform-array" count="21" stride="16"><param type="float4x4"/></accessor></technique_common></source><source id="mixamorig_Spine-Interpolations"><Name_array id="mixamorig_Spine-Interpolations-array" count="21">
 LINEAR LINEAR LINEAR LINEAR LINEAR LINEAR LINEAR LINEAR LINEAR LINEAR LINEAR
LINEAR LINEAR LINEAR LINEAR LINEAR LINEAR LINEAR LINEAR LINEAR LINEAR</Name_array><technique_common><accessor source="#mixamorig_Spine-Interpolations-array" count="21"><param type="name"/></accessor></technique_common></source><sampler id="mixamorig_Spine-Matrix-animation-transform"><input semantic="INPUT" source="#mixamorig_Spine-Matrix-animation-input"/><input semantic="OUTPUT" source="#mixamorig_Spine-Matrix-animation-output-transform"/><input semantic="INTERPOLATION" source="#mixamorig_Spine-Interpolations"/></sampler><channel source="#mixamorig_Spine-Matrix-animation-transform" target="mixamorig_Spine/matrix"/></animation>
    <animation id="mixamorig_Spine1-anim" name="mixamorig_Spine1"><source id="mixamorig_Spine1-Matrix-animation-input"><float_array id="mixamorig_Spine1-Matrix-animation-input-array" count="21">

0.000000 0.033333 0.066667 0.100000 0.133333 0.166667 0.200000 0.233333 0.266667 0.300000 0.333333 0.366667 0.400000 0.433333 0.466667 0.500000
0.533333 0.566667 0.600000 0.633333 0.666667</float_array><technique_common><accessor source="#mixamorig_Spine1-Matrix-animation-input-array" count="21"><param name="TIME" type="float"/></accessor></technique_common></source><source id="mixamorig_Spine1-Matrix-animation-output-transform"><float_array id="mixamorig_Spine1-Matrix-animation-output-transform-array" count="336">

0.997439 -0.039754 -0.059457 0.000000 0.036246 0.997602 -0.058955 0.033300 0.061658 0.056649 0.996488 0.000000 0.000000 0.000000 0.000000 1.000000
0.998335 -0.034894 -0.045930 -0.000000 0.032184 0.997770 -0.058476 0.033300 0.047868 0.056901 0.997232 0.000000 0.000000 0.000000 0.000000 1.000000
0.999193 -0.022027 -0.033592 0.000000 0.020186 0.998326 -0.054204 0.033300 0.034730 0.053482 0.997965 0.000000 0.000000 0.000000 0.000000 1.000000
0.999732 -0.007319 -0.021978 0.000000 0.006214 0.998733 -0.049938 0.033300 0.022316 0.049788 0.998510 -0.000000 0.000000 0.000000 0.000000 1.000000
0.999925 -0.000645 -0.012218 -0.000000 0.000059 0.998852 -0.047894 0.033300 0.012235 0.047889 0.998778 0.000000 0.000000 0.000000 0.000000 1.000000
0.999955 -0.004471 -0.008328 0.000000 0.004069 0.998858 -0.047597 0.033300 0.008531 0.047561 0.998832 0.000000 0.000000 0.000000 0.000000 1.000000
0.999835 -0.011366 -0.014192 -0.000000 0.010671 0.998785 -0.048107 0.033300 0.014722 0.047948 0.998741 0.000000 0.000000 0.000000 0.000000 1.000000
0.999477 -0.014655 -0.028841 0.000000 0.013211 0.998680 -0.049629 0.033300 0.029530 0.049222 0.998351 0.000000 0.000000 0.000000 0.000000 1.000000
0.998783 -0.014736 -0.047077 0.000000 0.012216 0.998499 -0.053382 0.033300 0.047793 0.052742 0.997464 0.000000 0.000000 0.000000 0.000000 1.000000
0.997736 -0.016409 -0.065215 0.000000 0.012555 0.998174 -0.059083 0.033300 0.066065 0.058131 0.996121 0.000000 0.000000 0.000000 0.000000 1.000000
0.996198 -0.024101 -0.083722 -0.000000 0.018873 0.997855 -0.062689 0.033300 0.085053 0.060870 0.994515 0.000000 0.000000 0.000000 0.000000 1.000000
0.993921 -0.037472 -0.103520 0.000000 0.031178 0.997603 -0.061772 0.033300 0.105587 0.058169 0.992707 0.000000 0.000000 0.000000 0.000000 1.000000
0.991228 -0.050397 -0.122177 0.000000 0.043385 0.997292 -0.059389 0.033300 0.124839 0.053568 0.990730 0.000000 0.000000 0.000000 0.000000 1.000000
0.989227 -0.056290 -0.135134 0.000000 0.048886 0.997148 -0.057500 0.033300 0.137985 0.050275 0.989157 0.000000 0.000000 0.000000 0.000000 1.000000
0.988640 -0.054244 -0.140175 0.000000 0.047106 0.997443 -0.053750 0.033300 0.142732 0.046537 0.988667 0.000000 0.000000 0.000000 0.000000 1.000000
0.989163 -0.049051 -0.138383 0.000000 0.042748 0.997924 -0.048162 0.033300 0.140459 0.041724 0.989207 -0.000000 0.000000 0.000000 0.000000 1.000000
0.990362 -0.045871 -0.130685 -0.000000 0.040227 0.998154 -0.045511 0.033300 0.132531 0.039816 0.990379 0.000000 0.000000 0.000000 0.000000 1.000000
0.992243 -0.045736 -0.115596 0.000000 0.040422 0.998033 -0.047912 0.033300 0.117560 0.042868 0.992140 0.000000 0.000000 0.000000 0.000000 1.000000
0.994622 -0.046365 -0.092610 0.000000 0.041676 0.997780 -0.051943 0.033300 0.094813 0.047804 0.994347 0.000000 0.000000 0.000000 0.000000 1.000000
0.996606 -0.044913 -0.068986 0.000000 0.041148 0.997635 -0.055062 0.033300 0.071296 0.052037 0.996097 0.000000 0.000000 0.000000 0.000000 1.000000
0.997439 -0.039754 -0.059457 0.000000 0.036246 0.997602 -0.058955 0.033300 0.061658 0.056649 0.996488 0.000000 0.000000 0.000000 0.000000 1.000000</float_array><technique_common><accessor source="#mixamorig_Spine1-Matrix-animation-output-transform-array" count="21" stride="16"><param type="float4x4"/></accessor></technique_common></source><source id="mixamorig_Spine1-Interpolations"><Name_array id="mixamorig_Spine1-Interpolations-array" count="21">
 LINEAR LINEAR LINEAR LINEAR LINEAR LINEAR LINEAR LINEAR LINEAR LINEAR LINEAR
LINEAR LINEAR LINEAR LINEAR LINEAR LINEAR LINEAR LINEAR LINEAR LINEAR</Name_array><technique_common><accessor source="#mixamorig_Spine1-Interpolations-array" count="21"><param type="name"/></accessor></technique_common></source><sampler id="mixamorig_Spine1-Matrix-animation-transform"><input semantic="INPUT" source="#mixamorig_Spine1-Matrix-animation-input"/><input semantic="OUTPUT" source="#mixamorig_Spine1-Matrix-animation-output-transform"/><input semantic="INTERPOLATION" source="#mixamorig_Spine1-Interpolations"/></sampler><channel source="#mixamorig_Spine1-Matrix-animation-transform" target="mixamorig_Spine1/matrix"/></animation>
    <animation id="mixamorig_Spine2-anim" name="mixamorig_Spine2"><source id="mixamorig_Spine2-Matrix-animation-input"><float_array id="mixamorig_Spine2-Matrix-animation-input-array" count="21">

0.000000 0.033333 0.066667 0.100000 0.133333 0.166667 0.200000 0.233333 0.266667 0.300000 0.333333 0.366667 0.400000 0.433333 0.466667 0.500000
0.533333 0.566667 0.600000 0.633333 0.666667</float_array><technique_common><accessor source="#mixamorig_Spine2-Matrix-animation-input-array" count="21"><param name="TIME" type="float"/></accessor></technique_common></source><source id="mixamorig_Spine2-Matrix-animation-output-transform"><float_array id="mixamorig_Spine2-Matrix-animation-output-transform-array" count="336">

0.997419 -0.040615 -0.059203 0.000000 0.037142 0.997588 -0.058633 0.038000 0.061441 0.056283 0.996523 0.000000 0.000000 0.000000 0.000000 1.000000
0.998317 -0.035537 -0.045822 0.000000 0.032847 0.997765 -0.058190 0.038000 0.047787 0.056587 0.997253 0.000000 0.000000 0.000000 0.000000 1.000000
0.999179 -0.022406 -0.033758 -0.000000 0.020564 0.998333 -0.053933 0.038000 0.034910 0.053194 0.997974 0.000000 0.000000 0.000000 0.000000 1.000000
0.999722 -0.007475 -0.022374 0.000000 0.006355 0.998743 -0.049715 0.038000 0.022718 0.049559 0.998513 0.000000 0.000000 0.000000 0.000000 1.000000
0.999920 -0.000707 -0.012666 0.000000 0.000101 0.998859 -0.047753 0.038000 0.012685 0.047748 0.998779 0.000000 0.000000 0.000000 0.000000 1.000000
0.999952 -0.004562 -0.008668 0.000000 0.004145 0.998862 -0.047510 0.038000 0.008875 0.047472 0.998833 0.000000 0.000000 0.000000 0.000000 1.000000
0.999830 -0.011539 -0.014385 0.000000 0.010836 0.998788 -0.048004 0.038000 0.014921 0.047840 0.998744 0.000000 0.000000 0.000000 0.000000 1.000000
0.999470 -0.014927 -0.028929 0.000000 0.013483 0.998685 -0.049470 0.038000 0.029629 0.049054 0.998357 0.000000 0.000000 0.000000 0.000000 1.000000
0.998775 -0.015164 -0.047091 -0.000000 0.012652 0.998503 -0.053205 0.038000 0.047828 0.052544 0.997473 0.000000 0.000000 0.000000 0.000000 1.000000
0.997731 -0.017115 -0.065121 -0.000000 0.013274 0.998172 -0.058963 0.038000 0.066011 0.057965 0.996134 -0.000000 0.000000 0.000000 0.000000 1.000000
0.996192 -0.025161 -0.083472 0.000000 0.019955 0.997838 -0.062625 0.038000 0.084867 0.060721 0.994540 0.000000 0.000000 0.000000 0.000000 1.000000
0.993908 -0.038788 -0.103164 0.000000 0.032539 0.997572 -0.061581 0.038000 0.105302 0.057849 0.992756 0.000000 0.000000 0.000000 0.000000 1.000000
0.991195 -0.051782 -0.121862 0.000000 0.044868 0.997260 -0.058817 0.038000 0.124574 0.052831 0.990803 0.000000 0.000000 0.000000 0.000000 1.000000
0.989174 -0.057750 -0.134908 0.000000 0.050502 0.997122 -0.056551 0.038000 0.137786 0.049125 0.989243 0.000000 0.000000 0.000000 0.000000 1.000000
0.988583 -0.056042 -0.139869 0.000000 0.049070 0.997398 -0.052811 0.038000 0.142465 0.045344 0.988761 -0.000000 0.000000 0.000000 0.000000 1.000000
0.989125 -0.051348 -0.137822 0.000000 0.045166 0.997844 -0.047614 0.038000 0.139969 0.040871 0.989312 0.000000 0.000000 0.000000 0.000000 1.000000
0.990342 -0.048388 -0.129927 0.000000 0.042818 0.998054 -0.045330 0.038000 0.131867 0.039329 0.990487 0.000000 0.000000 0.000000 0.000000 1.000000
0.992223 -0.047914 -0.114879 -0.000000 0.042658 0.997946 -0.047787 0.038000 0.116933 0.042515 0.992229 0.000000 0.000000 0.000000 0.000000 1.000000
0.994599 -0.047861 -0.092101 0.000000 0.043227 0.997728 -0.051671 0.038000 0.094365 0.047411 0.994408 -0.000000 0.000000 0.000000 0.000000 1.000000
0.996585 -0.045857 -0.068666 0.000000 0.042136 0.997614 -0.054691 0.038000 0.071010 0.051611 0.996139 0.000000 0.000000 0.000000 0.000000 1.000000
0.997419 -0.040615 -0.059203 0.000000 0.037142 0.997588 -0.058633 0.038000 0.061441 0.056283 0.996523 0.000000 0.000000 0.000000 0.000000 1.000000</float_array><technique_common><accessor source="#mixamorig_Spine2-Matrix-animation-output-transform-array" count="21" stride="16"><param type="float4x4"/></accessor></technique_common></source><source id="mixamorig_Spine2-Interpolations"><Name_array id="mixamorig_Spine2-Interpolations-array" count="21">
 LINEAR LINEAR LINEAR LINEAR LINEAR LINEAR LINEAR LINEAR LINEAR LINEAR LINEAR
LINEAR LINEAR LINEAR LINEAR LINEAR LINEAR LINEAR LINEAR LINEAR LINEAR</Name_array><technique_common><accessor source="#mixamorig_Spine2-Interpolations-array" count="21"><param type="name"/></accessor></technique_common></source><sampler id="mixamorig_Spine2-Matrix-animation-transform"><input semantic="INPUT" source="#mixamorig_Spine2-Matrix-animation-input"/><input semantic="OUTPUT" source="#mixamorig_Spine2-Matrix-animation-output-transform"/><input semantic="INTERPOLATION" source="#mixamorig_Spine2-Interpolations"/></sampler><channel source="#mixamorig_Spine2-Matrix-animation-transform" target="mixamorig_Spine2/matrix"/></animation>
    <animation id="mixamorig_Neck-anim" name="mixamorig_Neck"><source id="mixamorig_Neck-Matrix-animation-input"><float_array id="mixamorig_Neck-Matrix-animation-input-array" count="21">

0.000000 0.033333 0.066667 0.100000 0.133333 0.166667 0.200000 0.233333 0.266667 0.300000 0.333333 0.366667 0.400000 0.433333 0.466667 0.500000
0.533333 0.566667 0.600000 0.633333 0.666667</float_array><technique_common><accessor source="#mixamorig_Neck-Matrix-animation-input-array" count="21"><param name="TIME" type="float"/></accessor></technique_common></source><source id="mixamorig_Neck-Matrix-animation-output-transform"><float_array id="mixamorig_Neck-Matrix-animation-output-transform-array" count="336">

0.992070 0.039773 -0.119226 -0.000000 -0.044166 0.998431 -0.034435 0.042800 0.117669 0.039427 0.992270 0.000000 0.000000 0.000000 0.000000 1.000000
0.990544 0.038164 -0.131777 0.000000 -0.043255 0.998415 -0.035995 0.042800 0.130194 0.041355 0.990626 -0.000000 0.000000 0.000000 0.000000 1.000000
0.988800 0.030075 -0.146187 0.000000 -0.036209 0.998564 -0.039483 0.042800 0.144790 0.044334 0.988469 -0.000000 0.000000 0.000000 0.000000 1.000000
0.986531 0.018439 -0.162529 0.000000 -0.024572 0.999057 -0.035803 0.042800 0.161715 0.039315 0.986054 0.000000 0.000000 0.000000 0.000000 1.000000
0.984193 0.010961 -0.176760 0.000000 -0.015344 0.999607 -0.023450 0.042800 0.176434 0.025792 0.983975 0.000000 0.000000 0.000000 0.000000 1.000000
0.983164 0.010090 -0.182445 0.000000 -0.012757 0.999828 -0.013448 0.042800 0.182278 0.015549 0.983124 -0.000000 0.000000 0.000000 0.000000 1.000000
0.984207 0.012461 -0.176585 0.000000 -0.015353 0.999769 -0.015018 0.042800 0.176357 0.017492 0.984171 -0.000000 0.000000 0.000000 0.000000 1.000000
0.986604 0.016241 -0.162325 -0.000000 -0.020200 0.999537 -0.022770 0.042800 0.161880 0.025744 0.986475 0.000000 0.000000 0.000000 0.000000 1.000000
0.989106 0.020773 -0.145729 0.000000 -0.024539 0.999409 -0.024090 0.042800 0.145142 0.027404 0.989031 0.000000 0.000000 0.000000 0.000000 1.000000
0.991079 0.025746 -0.130762 0.000000 -0.028009 0.999488 -0.015493 0.042800 0.130296 0.019017 0.991293 -0.000000 0.000000 0.000000 0.000000 1.000000
0.992608 0.034642 -0.116314 0.000000 -0.035874 0.999320 -0.008520 0.042800 0.115939 0.012629 0.993176 -0.000000 0.000000 0.000000 0.000000 1.000000
0.993866 0.049054 -0.099117 0.000000 -0.050748 0.998604 -0.014642 0.042800 0.098260 0.019582 0.994968 0.000000 0.000000 0.000000 0.000000 1.000000
0.994908 0.061725 -0.079669 -0.000000 -0.064380 0.997438 -0.031188 0.042800 0.077540 0.036158 0.996333 0.000000 0.000000 0.000000 0.000000 1.000000
0.995863 0.065412 -0.063065 -0.000000 -0.068595 0.996406 -0.049705 0.042800 0.059587 0.053826 0.996771 0.000000 0.000000 0.000000 0.000000 1.000000
0.996484 0.064292 -0.053731 0.000000 -0.067757 0.995559 -0.065362 0.042800 0.049290 0.068773 0.996414 0.000000 0.000000 0.000000 0.000000 1.000000
0.996368 0.067100 -0.052432 0.000000 -0.070900 0.994710 -0.074326 0.042800 0.047168 0.077773 0.995855 0.000000 0.000000 0.000000 0.000000 1.000000
0.995586 0.072475 -0.059624 0.000000 -0.076674 0.994494 -0.071434 0.042800 0.054118 0.075690 0.995662 0.000000 0.000000 0.000000 0.000000 1.000000
0.994637 0.068842 -0.077194 0.000000 -0.073311 0.995700 -0.056639 0.042800 0.072963 0.061995 0.995406 0.000000 0.000000 0.000000 0.000000 1.000000
0.993458 0.051860 -0.101740 -0.000000 -0.056157 0.997627 -0.039841 0.042800 0.099432 0.045294 0.994013 -0.000000 0.000000 0.000000 0.000000 1.000000
0.992123 0.035070 -0.120255 0.000000 -0.039179 0.998720 -0.031979 0.042800 0.118980 0.036439 0.992228 0.000000 0.000000 0.000000 0.000000 1.000000
0.992070 0.039773 -0.119226 0.000000 -0.044166 0.998431 -0.034434 0.042800 0.117670 0.039427 0.992270 0.000000 0.000000 0.000000 0.000000 1.000000</float_array><technique_common><accessor source="#mixamorig_Neck-Matrix-animation-output-transform-array" count="21" stride="16"><param type="float4x4"/></accessor></technique_common></source><source id="mixamorig_Neck-Interpolations"><Name_array id="mixamorig_Neck-Interpolations-array" count="21">
 LINEAR LINEAR LINEAR LINEAR LINEAR LINEAR LINEAR LINEAR LINEAR LINEAR LINEAR
LINEAR LINEAR LINEAR LINEAR LINEAR LINEAR LINEAR LINEAR LINEAR LINEAR</Name_array><technique_common><accessor source="#mixamorig_Neck-Interpolations-array" count="21"><param type="name"/></accessor></technique_common></source><sampler id="mixamorig_Neck-Matrix-animation-transform"><input semantic="INPUT" source="#mixamorig_Neck-Matrix-animation-input"/><input semantic="OUTPUT" source="#mixamorig_Neck-Matrix-animation-output-transform"/><input semantic="INTERPOLATION" source="#mixamorig_Neck-Interpolations"/></sampler><channel source="#mixamorig_Neck-Matrix-animation-transform" target="mixamorig_Neck/matrix"/></animation>
    <animation id="mixamorig_Head-anim" name="mixamorig_Head"><source id="mixamorig_Head-Matrix-animation-input"><float_array id="mixamorig_Head-Matrix-animation-input-array" count="21">

0.000000 0.033333 0.066667 0.100000 0.133333 0.166667 0.200000 0.233333 0.266667 0.300000 0.333333 0.366667 0.400000 0.433333 0.466667 0.500000
0.533333 0.566667 0.600000 0.633333 0.666667</float_array><technique_common><accessor source="#mixamorig_Head-Matrix-animation-input-array" count="21"><param name="TIME" type="float"/></accessor></technique_common></source><source id="mixamorig_Head-Matrix-animation-output-transform"><float_array id="mixamorig_Head-Matrix-animation-output-transform-array" count="336">

0.654083 -0.194416 -0.731011 0.000000 0.480878 0.852856 0.203452 0.010600 0.583893 -0.484602 0.651329 0.008600 0.000000 0.000000 0.000000 1.000000
0.630285 -0.178174 -0.755642 0.000000 0.464745 0.866244 0.183393 0.010600 0.621895 -0.466771 0.628786 0.008600 0.000000 0.000000 0.000000 1.000000
0.585422 -0.189949 -0.788163 -0.000000 0.458485 0.879345 0.128625 0.010600 0.668634 -0.436660 0.601877 0.008600 0.000000 0.000000 0.000000 1.000000
0.530484 -0.204169 -0.822740 0.000000 0.461808 0.883498 0.078517 0.010600 0.710859 -0.421600 0.562968 0.008600 0.000000 0.000000 0.000000 1.000000
0.491521 -0.197205 -0.848244 0.000000 0.467738 0.881390 0.066123 0.010600 0.734594 -0.429257 0.525462 0.008600 0.000000 0.000000 0.000000 1.000000
0.487497 -0.176007 -0.855200 -0.000000 0.468247 0.879409 0.085929 0.010600 0.736947 -0.442335 0.511125 0.008600 0.000000 0.000000 0.000000 1.000000
0.513621 -0.162414 -0.842505 0.000000 0.461663 0.879981 0.111807 0.010600 0.723230 -0.446380 0.526957 0.008600 0.000000 0.000000 0.000000 1.000000
0.550338 -0.166138 -0.818246 -0.000000 0.459658 0.878411 0.130804 0.010600 0.697025 -0.448099 0.559789 0.008600 0.000000 0.000000 0.000000 1.000000
0.581661 -0.184052 -0.792335 0.000000 0.474955 0.867624 0.147129 0.010600 0.660370 -0.461903 0.592079 0.008600 0.000000 0.000000 0.000000 1.000000
0.606213 -0.204131 -0.768659 0.000000 0.496518 0.852145 0.165284 0.010600 0.621269 -0.481850 0.617936 0.008600 0.000000 0.000000 0.000000 1.000000
0.634097 -0.213348 -0.743239 0.000000 0.497786 0.848155 0.181224 0.010600 0.591718 -0.484888 0.644014 0.008600 0.000000 0.000000 0.000000 1.000000
0.672061 -0.211160 -0.709750 0.000000 0.473258 0.859664 0.192365 0.010600 0.569527 -0.465176 0.677680 0.008600 0.000000 0.000000 0.000000 1.000000
0.714459 -0.209969 -0.667429 0.000000 0.443222 0.873926 0.199521 0.010600 0.541390 -0.438368 0.717447 0.008600 0.000000 0.000000 0.000000 1.000000
0.748418 -0.219358 -0.625901 0.000000 0.425117 0.883023 0.198860 0.010600 0.509064 -0.414912 0.754123 0.008600 0.000000 0.000000 0.000000 1.000000
0.766060 -0.233559 -0.598834 -0.000000 0.416105 0.890283 0.185073 0.010600 0.489906 -0.390955 0.779196 0.008600 0.000000 0.000000 0.000000 1.000000
0.768529 -0.239277 -0.593389 0.000000 0.405661 0.899425 0.162710 0.010600 0.494776 -0.365762 0.788299 0.008600 0.000000 0.000000 0.000000 1.000000
0.757203 -0.229354 -0.611589 -0.000000 0.394207 0.907041 0.147912 0.010600 0.520812 -0.353092 0.777227 0.008600 0.000000 0.000000 0.000000 1.000000
0.729429 -0.206974 -0.651993 0.000000 0.394443 0.905977 0.153689 0.010600 0.558881 -0.369280 0.742485 0.008600 0.000000 0.000000 0.000000 1.000000
0.689346 -0.184603 -0.700517 0.000000 0.416351 0.892287 0.174573 0.010600 0.592835 -0.412002 0.691954 0.008600 0.000000 0.000000 0.000000 1.000000
0.657982 -0.177283 -0.731868 0.000000 0.451163 0.870958 0.194640 0.010600 0.602919 -0.458261 0.653058 0.008600 0.000000 0.000000 0.000000 1.000000
0.654083 -0.194416 -0.731011 -0.000000 0.480878 0.852856 0.203452 0.010600 0.583893 -0.484602 0.651329 0.008600 0.000000 0.000000 0.000000 1.000000</float_array><technique_common><accessor source="#mixamorig_Head-Matrix-animation-output-transform-array" count="21" stride="16"><param type="float4x4"/></accessor></technique_common></source><source id="mixamorig_Head-Interpolations"><Name_array id="mixamorig_Head-Interpolations-array" count="21">
 LINEAR LINEAR LINEAR LINEAR LINEAR LINEAR LINEAR LINEAR LINEAR LINEAR LINEAR
LINEAR LINEAR LINEAR LINEAR LINEAR LINEAR LINEAR LINEAR LINEAR LINEAR</Name_array><technique_common><accessor source="#mixamorig_Head-Interpolations-array" count="21"><param type="name"/></accessor></technique_common></source><sampler id="mixamorig_Head-Matrix-animation-transform"><input semantic="INPUT" source="#mixamorig_Head-Matrix-animation-input"/><input semantic="OUTPUT" source="#mixamorig_Head-Matrix-animation-output-transform"/><input semantic="INTERPOLATION" source="#mixamorig_Head-Interpolations"/></sampler><channel source="#mixamorig_Head-Matrix-animation-transform" target="mixamorig_Head/matrix"/></animation>
    <animation id="mixamorig_LeftShoulder-anim" name="mixamorig_LeftShoulder"><source id="mixamorig_LeftShoulder-Matrix-animation-input"><float_array id="mixamorig_LeftShoulder-Matrix-animation-input-array" count="21">

0.000000 0.033333 0.066667 0.100000 0.133333 0.166667 0.200000 0.233333 0.266667 0.300000 0.333333 0.366667 0.400000 0.433333 0.466667 0.500000
0.533333 0.566667 0.600000 0.633333 0.666667</float_array><technique_common><accessor source="#mixamorig_LeftShoulder-Matrix-animation-input-array" count="21"><param name="TIME" type="float"/></accessor></technique_common></source><source id="mixamorig_LeftShoulder-Matrix-animation-output-transform"><float_array id="mixamorig_LeftShoulder-Matrix-animation-output-transform-array" count="336">

0.182782 0.865618 -0.466151 0.014000 0.009082 -0.475605 -0.879612 0.037300 -0.983112 0.156544 -0.094794 -0.000300 0.000000 0.000000 0.000000 1.000000
0.178812 0.869358 -0.460699 0.014000 0.009560 -0.469759 -0.882743 0.037300 -0.983837 0.153440 -0.092309 -0.000300 0.000000 0.000000 0.000000 1.000000
0.174493 0.875132 -0.451327 0.014000 0.010143 -0.459932 -0.887896 0.037300 -0.984606 0.150353 -0.089132 -0.000300 0.000000 0.000000 0.000000 1.000000
0.186461 0.877813 -0.441222 0.014000 0.010457 -0.450846 -0.892540 0.037300 -0.982407 0.161810 -0.093245 -0.000300 0.000000 0.000000 0.000000 1.000000
0.210758 0.875147 -0.435544 0.014000 0.010564 -0.447565 -0.894189 0.037300 -0.977481 0.183856 -0.103573 -0.000300 0.000000 0.000000 0.000000 1.000000
0.231764 0.869220 -0.436739 0.014000 0.010212 -0.451113 -0.892408 0.037300 -0.972718 0.202368 -0.113428 -0.000300 0.000000 0.000000 0.000000 1.000000
0.242373 0.862350 -0.444531 0.014000 0.009333 -0.460244 -0.887743 0.037300 -0.970138 0.211016 -0.119600 -0.000300 0.000000 0.000000 0.000000 1.000000
0.245504 0.853531 -0.459579 0.014000 0.007876 -0.475829 -0.879503 0.037300 -0.969364 0.212301 -0.123540 -0.000300 0.000000 0.000000 0.000000 1.000000
0.244420 0.843339 -0.478579 0.014000 0.006163 -0.494889 -0.868934 0.037300 -0.969650 0.209435 -0.126159 -0.000300 0.000000 0.000000 0.000000 1.000000
0.244086 0.836559 -0.490501 0.014000 0.005099 -0.506900 -0.861990 0.037300 -0.969740 0.207898 -0.127993 -0.000300 0.000000 0.000000 0.000000 1.000000
0.250025 0.838260 -0.484569 0.014000 0.005364 -0.501656 -0.865051 0.037300 -0.968224 0.213685 -0.129923 -0.000300 0.000000 0.000000 0.000000 1.000000
0.259197 0.847944 -0.462394 0.014000 0.007325 -0.480468 -0.876982 0.037300 -0.965797 0.223924 -0.130747 -0.000300 0.000000 0.000000 0.000000 1.000000
0.259404 0.861065 -0.437351 0.014000 0.010193 -0.455269 -0.890296 0.037300 -0.965715 0.226488 -0.126875 -0.000300 0.000000 0.000000 0.000000 1.000000
0.244209 0.873570 -0.420996 0.014000 0.012093 -0.436850 -0.899453 0.037300 -0.969647 0.214563 -0.117246 -0.000300 0.000000 0.000000 0.000000 1.000000
0.222258 0.881717 -0.416144 0.014000 0.012454 -0.429352 -0.903051 0.037300 -0.974908 0.195528 -0.106408 -0.000300 0.000000 0.000000 0.000000 1.000000
0.207386 0.883341 -0.420357 0.014000 0.012046 -0.431972 -0.901806 0.037300 -0.978185 0.181959 -0.100226 -0.000300 0.000000 0.000000 0.000000 1.000000
0.204835 0.879055 -0.430470 0.014000 0.011355 -0.441900 -0.896993 0.037300 -0.978731 0.178847 -0.100498 -0.000300 0.000000 0.000000 0.000000 1.000000
0.212420 0.871235 -0.442523 0.014000 0.010501 -0.454867 -0.890497 0.037300 -0.977122 0.184512 -0.105772 -0.000300 0.000000 0.000000 0.000000 1.000000
0.222975 0.863764 -0.451879 0.014000 0.009668 -0.465486 -0.885002 0.037300 -0.974776 0.192964 -0.112143 -0.000300 0.000000 0.000000 0.000000 1.000000
0.219615 0.861447 -0.457906 0.014000 0.009171 -0.471167 -0.881996 0.037300 -0.975543 0.189500 -0.111376 -0.000300 0.000000 0.000000 0.000000 1.000000
0.182782 0.865618 -0.466151 0.014000 0.009082 -0.475605 -0.879612 0.037300 -0.983111 0.156544 -0.094794 -0.000300 0.000000 0.000000 0.000000 1.000000</float_array><technique_common><accessor source="#mixamorig_LeftShoulder-Matrix-animation-output-transform-array" count="21" stride="16"><param type="float4x4"/></accessor></technique_common></source><source id="mixamorig_LeftShoulder-Interpolations"><Name_array id="mixamorig_LeftShoulder-Interpolations-array" count="21">
 LINEAR LINEAR LINEAR LINEAR LINEAR LINEAR LINEAR LINEAR LINEAR LINEAR LINEAR
LINEAR LINEAR LINEAR LINEAR LINEAR LINEAR LINEAR LINEAR LINEAR LINEAR</Name_array><technique_common><accessor source="#mixamorig_LeftShoulder-Interpolations-array" count="21"><param type="name"/></accessor></technique_common></source><sampler id="mixamorig_LeftShoulder-Matrix-animation-transform"><input semantic="INPUT" source="#mixamorig_LeftShoulder-Matrix-animation-input"/><input semantic="OUTPUT" source="#mixamorig_LeftShoulder-Matrix-animation-output-transform"/><input semantic="INTERPOLATION" source="#mixamorig_LeftShoulder-Interpolations"/></sampler><channel source="#mixamorig_LeftShoulder-Matrix-animation-transform" target="mixamorig_LeftShoulder/matrix"/></animation>
    <animation id="mixamorig_LeftArm-anim" name="mixamorig_LeftArm"><source id="mixamorig_LeftArm-Matrix-animation-input"><float_array id="mixamorig_LeftArm-Matrix-animation-input-array" count="21">

0.000000 0.033333 0.066667 0.100000 0.133333 0.166667 0.200000 0.233333 0.266667 0.300000 0.333333 0.366667 0.400000 0.433333 0.466667 0.500000
0.533333 0.566667 0.600000 0.633333 0.666667</float_array><technique_common><accessor source="#mixamorig_LeftArm-Matrix-animation-input-array" count="21"><param name="TIME" type="float"/></accessor></technique_common></source><source id="mixamorig_LeftArm-Matrix-animation-output-transform"><float_array id="mixamorig_LeftArm-Matrix-animation-output-transform-array" count="336">

0.888421 0.458056 0.029876 0.000000 -0.318645 0.662258 -0.678144 0.032100 -0.330414 0.592958 0.734321 0.000000 0.000000 0.000000 0.000000 1.000000
0.903564 0.427708 -0.025261 0.000000 -0.303663 0.597687 -0.741997 0.032100 -0.302260 0.678112 0.669927 0.000000 0.000000 0.000000 0.000000 1.000000
0.877920 0.469576 -0.093566 0.000000 -0.367704 0.536045 -0.759901 0.032100 -0.306676 0.701537 0.643270 0.000000 0.000000 0.000000 0.000000 1.000000
0.835717 0.523480 -0.165972 0.000000 -0.462668 0.508354 -0.726303 0.032100 -0.295832 0.683773 0.667037 0.000000 0.000000 0.000000 0.000000 1.000000
0.810198 0.544510 -0.216998 -0.000000 -0.529169 0.520235 -0.670325 0.032100 -0.252109 0.657925 0.709631 0.000000 0.000000 0.000000 0.000000 1.000000
0.821060 0.523422 -0.227791 0.000000 -0.530838 0.553346 -0.641888 0.032100 -0.209931 0.647949 0.732183 0.000000 0.000000 0.000000 0.000000 1.000000
0.854666 0.478793 -0.200759 0.000000 -0.480758 0.583870 -0.654192 0.032100 -0.196006 0.655632 0.729197 0.000000 0.000000 0.000000 0.000000 1.000000
0.894872 0.418152 -0.156051 0.000000 -0.406436 0.618994 -0.672054 0.032100 -0.184426 0.664827 0.723873 -0.000000 0.000000 0.000000 0.000000 1.000000
0.936012 0.332021 -0.116804 -0.000000 -0.323213 0.679454 -0.658692 0.032100 -0.139337 0.654296 0.743291 0.000000 0.000000 0.000000 0.000000 1.000000
0.972911 0.208667 -0.099514 -0.000000 -0.225597 0.762903 -0.605876 0.032100 -0.050507 0.611913 0.789311 0.000000 0.000000 0.000000 0.000000 1.000000
0.992167 0.059544 -0.109814 0.000000 -0.109311 0.839333 -0.532514 0.032100 0.060462 0.540347 0.839267 0.000000 0.000000 0.000000 0.000000 1.000000
0.987053 -0.063143 -0.147443 0.000000 -0.012727 0.885518 -0.464432 0.032100 0.159889 0.460295 0.873249 -0.000000 0.000000 0.000000 0.000000 1.000000
0.969708 -0.102337 -0.221796 -0.000000 0.002832 0.912657 -0.408717 0.032100 0.244251 0.395708 0.885300 0.000000 0.000000 0.000000 0.000000 1.000000
0.938019 -0.037828 -0.344512 -0.000000 -0.091151 0.932106 -0.350527 0.032100 0.334382 0.360204 0.870886 0.000000 0.000000 0.000000 0.000000 1.000000
0.870647 0.080376 -0.485297 -0.000000 -0.243333 0.927773 -0.282891 0.032100 0.427508 0.364387 0.827321 0.000000 0.000000 0.000000 0.000000 1.000000
0.807584 0.173053 -0.563791 0.000000 -0.358418 0.903193 -0.236174 0.032100 0.468342 0.392804 0.791430 0.000000 0.000000 0.000000 0.000000 1.000000
0.830766 0.224754 -0.509229 0.000000 -0.395004 0.882619 -0.254864 0.032100 0.392174 0.412880 0.822028 0.000000 0.000000 0.000000 0.000000 1.000000
0.914780 0.256237 -0.312282 0.000000 -0.362361 0.862181 -0.354033 0.032100 0.178527 0.437021 0.881556 0.000000 0.000000 0.000000 0.000000 1.000000
0.952921 0.292478 -0.079986 0.000000 -0.293144 0.821194 -0.489599 0.032100 -0.077513 0.489997 0.868271 0.000000 0.000000 0.000000 0.000000 1.000000
0.931393 0.360973 0.046963 0.000000 -0.261532 0.753319 -0.603416 0.032100 -0.253195 0.549735 0.796043 0.000000 0.000000 0.000000 0.000000 1.000000
0.888421 0.458056 0.029876 0.000000 -0.318645 0.662258 -0.678145 0.032100 -0.330414 0.592958 0.734321 0.000000 0.000000 0.000000 0.000000 1.000000</float_array><technique_common><accessor source="#mixamorig_LeftArm-Matrix-animation-output-transform-array" count="21" stride="16"><param type="float4x4"/></accessor></technique_common></source><source id="mixamorig_LeftArm-Interpolations"><Name_array id="mixamorig_LeftArm-Interpolations-array" count="21">
 LINEAR LINEAR LINEAR LINEAR LINEAR LINEAR LINEAR LINEAR LINEAR LINEAR LINEAR
LINEAR LINEAR LINEAR LINEAR LINEAR LINEAR LINEAR LINEAR LINEAR LINEAR</Name_array><technique_common><accessor source="#mixamorig_LeftArm-Interpolations-array" count="21"><param type="name"/></accessor></technique_common></source><sampler id="mixamorig_LeftArm-Matrix-animation-transform"><input semantic="INPUT" source="#mixamorig_LeftArm-Matrix-animation-input"/><input semantic="OUTPUT" source="#mixamorig_LeftArm-Matrix-animation-output-transform"/><input semantic="INTERPOLATION" source="#mixamorig_LeftArm-Interpolations"/></sampler><channel source="#mixamorig_LeftArm-Matrix-animation-transform" target="mixamorig_LeftArm/matrix"/></animation>
    <animation id="mixamorig_LeftForeArm-anim" name="mixamorig_LeftForeArm"><source id="mixamorig_LeftForeArm-Matrix-animation-input"><float_array id="mixamorig_LeftForeArm-Matrix-animation-input-array" count="21">

0.000000 0.033333 0.066667 0.100000 0.133333 0.166667 0.200000 0.233333 0.266667 0.300000 0.333333 0.366667 0.400000 0.433333 0.466667 0.500000
