<?xml version="1.0" encoding="utf-8"?>
<COLLADA xmlns="http://www.collada.org/2005/11/COLLADASchema" version="1.4.1">
  <asset><contributor><author>Mixamo</author><authoring_tool>COLLADA Mixamo exporter</authoring_tool><comments></comments></contributor><created>2014-08-29T16:11:01Z</created><modified>2014-08-29T16:11:01Z</modified><revision></revision><title></title><unit meter="0.025400"/><up_axis>Y_UP</up_axis></asset>
  <library_animations>
    <animation id="mixamorig_Hips-anim" name="mixamorig_Hips"><source id="mixamorig_Hips-Matrix-animation-input"><float_array id="mixamorig_Hips-Matrix-animation-input-array" count="66">

0.000000 0.033333 0.066667 0.100000 0.133333 0.166667 0.200000 0.233333 0.266667 0.300000 0.333333 0.366667 0.400000 0.433333 0.466667 0.500000
0.533333 0.566667 0.600000 0.633333 0.666667 0.700000 0.733333 0.766667 0.800000 0.833333 0.866667 0.900000 0.933333 0.966667 1.000000 1.033333
1.066667 1.100000 1.133333 1.166667 1.200000 1.233333 1.266667 1.300000 1.333333 1.366667 1.400000 1.433333 1.466667 1.500000 1.533333 1.566667
1.600000 1.633333 1.666667 1.700000 1.733333 1.766667 1.800000 1.833333 1.866667 1.900000 1.933333 1.966667 2.000000 2.033333 2.066667 2.100000
2.133333 2.166667</float_array><technique_common><accessor source="#mixamorig_Hips-Matrix-animation-input-array" count="66"><param name="TIME" type="float"/></accessor></technique_common></source><source id="mixamorig_Hips-Matrix-animation-output-transform"><float_array id="mixamorig_Hips-Matrix-animation-output-transform-array" count="1056">

0.993923 0.061832 -0.091067 0.000652 -0.056002 0.996297 0.065241 0.368302 0.094764 -0.059744 0.993705 -0.000918 0.000000 0.000000 0.000000 1.000000
0.992850 0.060301 -0.103022 0.001428 -0.054772 0.996945 0.055686 0.368336 0.106065 -0.049645 0.993119 -0.001223 0.000000 0.000000 0.000000 1.000000
0.991251 0.058216 -0.118456 0.002558 -0.053359 0.997616 0.043766 0.368497 0.120722 -0.037063 0.991994 -0.001628 0.000000 0.000000 0.000000 1.000000
0.988937 0.055092 -0.137729 0.004050 -0.051664 0.998262 0.028343 0.368691 0.139051 -0.020914 0.990064 -0.002224 0.000000 0.000000 0.000000 1.000000
0.985528 0.050472 -0.161824 0.005882 -0.049910 0.998725 0.007544 0.368755 0.161998 0.000642 0.986791 -0.003171 0.000000 0.000000 0.000000 1.000000
0.980399 0.043375 -0.192188 0.008095 -0.048312 0.998610 -0.021075 0.368434 0.191006 0.029947 0.981132 -0.004698 0.000000 0.000000 0.000000 1.000000
0.972767 0.032105 -0.229549 0.010793 -0.046937 0.997127 -0.059449 0.367308 0.226981 0.068604 0.971480 -0.007023 0.000000 0.000000 0.000000 1.000000
0.962127 0.015232 -0.272175 0.013963 -0.046165 0.993121 -0.107610 0.364775 0.268664 0.116100 0.956212 -0.010241 0.000000 0.000000 0.000000 1.000000
0.948868 -0.005960 -0.315616 0.017369 -0.048130 0.985401 -0.163306 0.360212 0.311981 0.170146 0.934729 -0.014309 0.000000 0.000000 0.000000 1.000000
0.934571 -0.027161 -0.354738 0.020672 -0.056420 0.973150 -0.223149 0.353152 0.351274 0.228563 0.907946 -0.019121 0.000000 0.000000 0.000000 1.000000
0.921597 -0.043820 -0.385666 0.023684 -0.073495 0.955932 -0.284239 0.343371 0.381126 0.290299 0.877764 -0.024426 0.000000 0.000000 0.000000 1.000000
0.912455 -0.054440 -0.405540 0.026451 -0.097538 0.933600 -0.344785 0.331213 0.397382 0.354156 0.846558 -0.029712 0.000000 0.000000 0.000000 1.000000
0.909175 -0.061069 -0.411911 0.029117 -0.121791 0.906935 -0.403280 0.317746 0.398205 0.416820 0.817126 -0.034338 0.000000 0.000000 0.000000 1.000000
0.912065 -0.066304 -0.404648 0.031723 -0.138754 0.878717 -0.456732 0.304366 0.385855 0.472716 0.792247 -0.037852 0.000000 0.000000 0.000000 1.000000
0.918666 -0.070972 -0.388608 0.034157 -0.145426 0.853885 -0.499732 0.292185 0.367294 0.515600 0.774114 -0.040058 0.000000 0.000000 0.000000 1.000000
0.924771 -0.074776 -0.373104 0.036184 -0.144232 0.838460 -0.525531 0.282281 0.352130 0.539809 0.764598 -0.040650 0.000000 0.000000 0.000000 1.000000
0.926997 -0.078882 -0.366679 0.037747 -0.137205 0.838552 -0.527262 0.276586 0.349071 0.539080 0.766513 -0.039477 0.000000 0.000000 0.000000 1.000000
0.922995 -0.086861 -0.374880 0.039239 -0.122699 0.856910 -0.500649 0.276689 0.364725 0.508095 0.780266 -0.036843 0.000000 0.000000 0.000000 1.000000
0.910679 -0.103537 -0.399929 0.040763 -0.096045 0.888494 -0.448724 0.282242 0.401794 0.447055 0.799189 -0.032802 0.000000 0.000000 0.000000 1.000000
0.891493 -0.129517 -0.434127 0.041976 -0.051274 0.923260 -0.380738 0.292231 0.450124 0.361684 0.816439 -0.027146 0.000000 0.000000 0.000000 1.000000
0.874550 -0.154453 -0.459682 0.041867 0.008004 0.952390 -0.304776 0.306542 0.484870 0.262863 0.834149 -0.020661 0.000000 0.000000 0.000000 1.000000
0.876047 -0.164495 -0.453301 0.039433 0.065777 0.971997 -0.225600 0.325909 0.477718 0.167820 0.862335 -0.015104 0.000000 0.000000 0.000000 1.000000
0.905804 -0.148839 -0.396694 0.034637 0.096329 0.984092 -0.149274 0.349716 0.412601 0.097000 0.905733 -0.011374 0.000000 0.000000 0.000000 1.000000
0.952623 -0.121200 -0.278964 0.027749 0.100323 0.991056 -0.087992 0.375574 0.287134 0.055837 0.956262 -0.009140 0.000000 0.000000 0.000000 1.000000
0.988133 -0.100908 -0.115805 0.020020 0.094534 0.993755 -0.059287 0.399279 0.121065 0.047636 0.991501 -0.008517 0.000000 0.000000 0.000000 1.000000
0.994625 -0.092237 0.047040 0.013833 0.095468 0.992837 -0.071840 0.417771 -0.040077 0.075945 0.996306 -0.010698 0.000000 0.000000 0.000000 1.000000
0.988328 -0.042012 0.146433 0.011801 0.059185 0.991605 -0.114967 0.436883 -0.140373 0.122292 0.982517 -0.016268 0.000000 0.000000 0.000000 1.000000
0.985113 0.008785 0.171685 0.012341 0.020274 0.985787 -0.166772 0.451124 -0.170710 0.167770 0.970933 -0.023166 0.000000 0.000000 0.000000 1.000000
0.986713 0.046850 0.155574 0.013359 -0.012894 0.977084 -0.212463 0.459339 -0.161963 0.207634 0.964705 -0.028277 0.000000 0.000000 0.000000 1.000000
0.988609 0.073081 0.131575 0.014058 -0.038088 0.967224 -0.251052 0.466221 -0.145610 0.243181 0.958989 -0.032076 0.000000 0.000000 0.000000 1.000000
0.989751 0.087669 0.112722 0.014449 -0.052379 0.957224 -0.284568 0.472386 -0.132848 0.275747 0.952006 -0.035717 0.000000 0.000000 0.000000 1.000000
0.991101 0.094167 0.094087 0.014969 -0.061252 0.950145 -0.305733 0.475676 -0.118186 0.297249 0.947457 -0.037989 0.000000 0.000000 0.000000 1.000000
0.992840 0.098922 0.066962 0.016026 -0.074130 0.949788 -0.303986 0.473376 -0.093670 0.296846 0.950320 -0.037104 0.000000 0.000000 0.000000 1.000000
0.994249 0.102238 0.031895 0.017695 -0.089316 0.955886 -0.279829 0.465804 -0.059097 0.275371 0.959520 -0.033525 0.000000 0.000000 0.000000 1.000000
0.994486 0.104765 -0.004629 0.020286 -0.102682 0.963844 -0.245889 0.456066 -0.021299 0.245008 0.969287 -0.029011 0.000000 0.000000 0.000000 1.000000
0.993723 0.106983 -0.032694 0.023909 -0.111504 0.970784 -0.212475 0.446063 0.009007 0.214787 0.976619 -0.023515 0.000000 0.000000 0.000000 1.000000
0.992608 0.112309 -0.046007 0.027898 -0.118724 0.977204 -0.176005 0.433461 0.025191 0.180166 0.983314 -0.014760 0.000000 0.000000 0.000000 1.000000
0.991737 0.123238 -0.035646 0.030568 -0.126861 0.983429 -0.129515 0.414574 0.019095 0.132967 0.990936 -0.002869 0.000000 0.000000 0.000000 1.000000
0.990805 0.134854 0.010942 0.029804 -0.133496 0.987564 -0.083041 0.390797 -0.022004 0.080817 0.996486 0.007901 0.000000 0.000000 0.000000 1.000000
0.984564 0.147583 0.094095 0.024692 -0.142269 0.987952 -0.060922 0.366077 -0.101952 0.046594 0.993698 0.013666 0.000000 0.000000 0.000000 1.000000
0.965832 0.170843 0.194887 0.016519 -0.158572 0.984338 -0.077034 0.343038 -0.204995 0.043498 0.977796 0.013619 0.000000 0.000000 0.000000 1.000000
0.940940 0.201331 0.272208 0.009277 -0.175058 0.977480 -0.117844 0.324112 -0.289803 0.063232 0.954995 0.009998 0.000000 0.000000 0.000000 1.000000
0.930205 0.217003 0.296021 0.005192 -0.177096 0.971772 -0.155876 0.313545 -0.321490 0.092572 0.942377 0.004754 0.000000 0.000000 0.000000 1.000000
0.936606 0.209541 0.280823 0.003042 -0.164653 0.970679 -0.175134 0.311123 -0.309286 0.117793 0.943645 -0.001049 0.000000 0.000000 0.000000 1.000000
0.944365 0.194685 0.265090 0.001340 -0.150234 0.972331 -0.178892 0.314141 -0.292582 0.129114 0.947484 -0.006005 0.000000 0.000000 0.000000 1.000000
0.945038 0.187596 0.267789 -0.000166 -0.142341 0.973393 -0.179569 0.320775 -0.294351 0.131582 0.946596 -0.009882 0.000000 0.000000 0.000000 1.000000
0.944719 0.184281 0.271195 -0.000936 -0.137490 0.973531 -0.182575 0.329261 -0.297662 0.135196 0.945050 -0.013025 0.000000 0.000000 0.000000 1.000000
0.952884 0.174481 0.248128 -0.000434 -0.130808 0.974401 -0.182845 0.338307 -0.273680 0.141773 0.951315 -0.015452 0.000000 0.000000 0.000000 1.000000
0.967771 0.155658 0.197966 0.001015 -0.122001 0.977482 -0.172175 0.346768 -0.220309 0.142474 0.964969 -0.016726 0.000000 0.000000 0.000000 1.000000
0.979764 0.135567 0.147254 0.002376 -0.113559 0.982326 -0.148794 0.353391 -0.164823 0.129061 0.977843 -0.016660 0.000000 0.000000 0.000000 1.000000
0.985569 0.121177 0.118197 0.002963 -0.107054 0.987070 -0.119296 0.357609 -0.131125 0.104921 0.985798 -0.015915 0.000000 0.000000 0.000000 1.000000
0.987918 0.112006 0.107110 0.003037 -0.102460 0.990581 -0.090833 0.359835 -0.116275 0.078761 0.990089 -0.015202 0.000000 0.000000 0.000000 1.000000
0.989911 0.105086 0.095041 0.003210 -0.099121 0.992920 -0.065454 0.360996 -0.101247 0.055373 0.993319 -0.014612 0.000000 0.000000 0.000000 1.000000
0.992696 0.098121 0.070196 0.003605 -0.095347 0.994564 -0.041844 0.361840 -0.073920 0.034845 0.996655 -0.013890 0.000000 0.000000 0.000000 1.000000
0.995194 0.090753 0.036790 0.003911 -0.090085 0.995745 -0.019403 0.362579 -0.038394 0.015996 0.999135 -0.012904 0.000000 0.000000 0.000000 1.000000
0.996425 0.084281 0.005893 0.003972 -0.084287 0.996441 0.000853 0.363210 -0.005800 -0.001347 0.999982 -0.011773 0.000000 0.000000 0.000000 1.000000
0.996673 0.079676 -0.017164 0.003920 -0.079368 0.996684 0.017920 0.363884 0.018535 -0.016498 0.999692 -0.010623 0.000000 0.000000 0.000000 1.000000
0.996454 0.076518 -0.035004 0.003867 -0.075425 0.996653 0.031529 0.364808 0.037300 -0.028777 0.998890 -0.009411 0.000000 0.000000 0.000000 1.000000
0.995946 0.073609 -0.051695 0.003774 -0.071488 0.996567 0.041750 0.365947 0.054591 -0.037885 0.997790 -0.008066 0.000000 0.000000 0.000000 1.000000
0.995236 0.070210 -0.067643 0.003597 -0.066980 0.996556 0.048889 0.367011 0.070843 -0.044125 0.996511 -0.006657 0.000000 0.000000 0.000000 1.000000
0.994501 0.066718 -0.080729 0.003373 -0.062495 0.996597 0.053747 0.367742 0.084041 -0.048406 0.995286 -0.005348 0.000000 0.000000 0.000000 1.000000
0.993913 0.063995 -0.089674 0.003108 -0.058999 0.996612 0.057309 0.368094 0.093038 -0.051669 0.994321 -0.004231 0.000000 0.000000 0.000000 1.000000
0.993538 0.062513 -0.094733 0.002726 -0.056972 0.996564 0.060117 0.368202 0.098166 -0.054332 0.993686 -0.003278 0.000000 0.000000 0.000000 1.000000
0.993408 0.062015 -0.096408 0.002158 -0.056166 0.996479 0.062252 0.368225 0.099929 -0.056427 0.993393 -0.002425 0.000000 0.000000 0.000000 1.000000
0.993552 0.061906 -0.094980 0.001434 -0.055979 0.996389 0.063844 0.368249 0.098589 -0.058116 0.993430 -0.001638 0.000000 0.000000 0.000000 1.000000
0.993923 0.061832 -0.091067 0.000652 -0.056002 0.996297 0.065241 0.368302 0.094764 -0.059744 0.993705 -0.000918 0.000000 0.000000 0.000000 1.000000</float_array><technique_common><accessor source="#mixamorig_Hips-Matrix-animation-output-transform-array" count="66" stride="16"><param type="float4x4"/></accessor></technique_common></source><source id="mixamorig_Hips-Interpolations"><Name_array id="mixamorig_Hips-Interpolations-array" count="66">
 LINEAR LINEAR LINEAR LINEAR LINEAR LINEAR LINEAR LINEAR LINEAR LINEAR LINEAR
LINEAR LINEAR LINEAR LINEAR LINEAR LINEAR LINEAR LINEAR LINEAR LINEAR LINEAR LINEAR
LINEAR LINEAR LINEAR LINEAR LINEAR LINEAR LINEAR LINEAR LINEAR LINEAR LINEAR LINEAR
LINEAR LINEAR LINEAR LINEAR LINEAR LINEAR LINEAR LINEAR LINEAR LINEAR LINEAR LINEAR
LINEAR LINEAR LINEAR LINEAR LINEAR LINEAR LINEAR LINEAR LINEAR LINEAR LINEAR LINEAR
LINEAR LINEAR LINEAR LINEAR LINEAR LINEAR LINEAR</Name_array><technique_common><accessor source="#mixamorig_Hips-Interpolations-array" count="66"><param type="name"/></accessor></technique_common></source><sampler id="mixamorig_Hips-Matrix-animation-transform"><input semantic="INPUT" source="#mixamorig_Hips-Matrix-animation-input"/><input semantic="OUTPUT" source="#mixamorig_Hips-Matrix-animation-output-transform"/><input semantic="INTERPOLATION" source="#mixamorig_Hips-Interpolations"/></sampler><channel source="#mixamorig_Hips-Matrix-animation-transform" target="mixamorig_Hips/matrix"/></animation>
    <animation id="mixamorig_Spine-anim" name="mixamorig_Spine"><source id="mixamorig_Spine-Matrix-animation-input"><float_array id="mixamorig_Spine-Matrix-animation-input-array" count="66">

0.000000 0.033333 0.066667 0.100000 0.133333 0.166667 0.200000 0.233333 0.266667 0.300000 0.333333 0.366667 0.400000 0.433333 0.466667 0.500000
0.533333 0.566667 0.600000 0.633333 0.666667 0.700000 0.733333 0.766667 0.800000 0.833333 0.866667 0.900000 0.933333 0.966667 1.000000 1.033333
1.066667 1.100000 1.133333 1.166667 1.200000 1.233333 1.266667 1.300000 1.333333 1.366667 1.400000 1.433333 1.466667 1.500000 1.533333 1.566667
1.600000 1.633333 1.666667 1.700000 1.733333 1.766667 1.800000 1.833333 1.866667 1.900000 1.933333 1.966667 2.000000 2.033333 2.066667 2.100000
2.133333 2.166667</float_array><technique_common><accessor source="#mixamorig_Spine-Matrix-animation-input-array" count="66"><param name="TIME" type="float"/></accessor></technique_common></source><source id="mixamorig_Spine-Matrix-animation-output-transform"><float_array id="mixamorig_Spine-Matrix-animation-output-transform-array" count="1056">

0.998664 -0.045559 0.024396 -0.000000 0.045651 0.998952 -0.003225 0.028500 -0.024224 0.004335 0.999697 -0.001600 0.000000 0.000000 0.000000 1.000000
0.998510 -0.046775 0.028109 -0.000000 0.046913 0.998890 -0.004276 0.028500 -0.027877 0.005588 0.999596 -0.001600 0.000000 0.000000 0.000000 1.000000
0.998379 -0.048262 0.030153 0.000000 0.048482 0.998802 -0.006631 0.028500 -0.029797 0.008082 0.999523 -0.001600 0.000000 0.000000 0.000000 1.000000
0.998319 -0.049661 0.029898 0.000000 0.049981 0.998699 -0.010073 0.028500 -0.029359 0.011550 0.999502 -0.001600 0.000000 0.000000 0.000000 1.000000
0.998348 -0.050416 0.027563 -0.000000 0.050816 0.998610 -0.014011 0.028500 -0.026818 0.015388 0.999522 -0.001600 0.000000 0.000000 0.000000 1.000000
0.998480 -0.049502 0.024230 0.000000 0.049941 0.998593 -0.017849 0.028500 -0.023313 0.019031 0.999547 -0.001600 0.000000 0.000000 0.000000 1.000000
0.998755 -0.045398 0.020657 0.000000 0.045847 0.998711 -0.021789 0.028500 -0.019641 0.022709 0.999549 -0.001600 0.000000 0.000000 0.000000 1.000000
0.999190 -0.036906 0.016038 -0.000000 0.037335 0.998930 -0.027290 0.028500 -0.015013 0.027867 0.999499 -0.001600 0.000000 0.000000 0.000000 1.000000
0.999656 -0.025014 0.007867 0.000000 0.025286 0.999011 -0.036584 0.028500 -0.006944 0.036771 0.999300 -0.001600 0.000000 0.000000 0.000000 1.000000
0.999887 -0.013541 -0.006561 0.000000 0.013187 0.998595 -0.051319 0.028500 0.007246 0.051227 0.998661 -0.001600 0.000000 0.000000 0.000000 1.000000
0.999596 -0.007383 -0.027433 -0.000000 0.005416 0.997454 -0.071111 0.028500 0.027888 0.070933 0.997091 -0.001600 0.000000 0.000000 0.000000 1.000000
0.998680 -0.009206 -0.050524 -0.000000 0.004474 0.995658 -0.092975 0.028500 0.051161 0.092626 0.994386 -0.001600 0.000000 0.000000 0.000000 1.000000
0.997487 -0.017422 -0.068681 0.000000 0.009618 0.993622 -0.112355 0.028500 0.070200 0.111412 0.991292 -0.001600 0.000000 0.000000 0.000000 1.000000
0.996663 -0.027402 -0.076892 0.000000 0.017574 0.991914 -0.125690 0.028500 0.079714 0.123920 0.989085 -0.001600 0.000000 0.000000 0.000000 1.000000
0.996452 -0.035250 -0.076422 0.000000 0.024884 0.990860 -0.132577 0.028500 0.080397 0.130205 0.988222 -0.001600 0.000000 0.000000 0.000000 1.000000
0.996500 -0.040887 -0.072909 0.000000 0.030755 0.990362 -0.135045 0.028500 0.077728 0.132330 0.988153 -0.001600 0.000000 0.000000 0.000000 1.000000
0.996405 -0.046930 -0.070525 0.000000 0.037124 0.990227 -0.134433 0.028500 0.076144 0.131332 0.988410 -0.001600 0.000000 0.000000 0.000000 1.000000
0.996188 -0.054266 -0.068301 0.000000 0.045055 0.990511 -0.129839 0.028500 0.074699 0.126266 0.989180 -0.001600 0.000000 0.000000 0.000000 1.000000
0.996417 -0.058936 -0.060661 0.000000 0.051358 0.991484 -0.119677 0.028500 0.067198 0.116133 0.990958 -0.001600 0.000000 0.000000 0.000000 1.000000
0.997681 -0.054173 -0.041199 0.000000 0.049648 0.993350 -0.103883 0.028500 0.046553 0.101597 0.993736 -0.001600 0.000000 0.000000 0.000000 1.000000
0.999213 -0.038954 -0.007433 -0.000000 0.038181 0.995633 -0.085186 0.028500 0.010719 0.084835 0.996337 -0.001600 0.000000 0.000000 0.000000 1.000000
0.999384 -0.016363 0.031051 0.000000 0.018451 0.997501 -0.068200 0.028500 -0.029857 0.068730 0.997188 -0.001600 0.000000 0.000000 0.000000 1.000000
0.998281 0.007812 0.058081 0.000000 -0.004533 0.998399 -0.056379 0.028500 -0.058428 0.056018 0.996719 -0.001600 0.000000 0.000000 0.000000 1.000000
0.997647 0.039388 0.056122 -0.000000 -0.036555 0.998047 -0.050648 0.028500 -0.058007 0.048477 0.997138 -0.001600 0.000000 0.000000 0.000000 1.000000
0.996487 0.080405 0.023414 0.000000 -0.079081 0.995467 -0.052842 0.028500 -0.027557 0.050805 0.998328 -0.001600 0.000000 0.000000 0.000000 1.000000
0.992964 0.116252 -0.022518 0.000000 -0.117517 0.990817 -0.066866 0.028500 0.014538 0.069042 0.997508 -0.001600 0.000000 0.000000 0.000000 1.000000
0.991241 0.118912 -0.057461 0.000000 -0.124010 0.987695 -0.095290 0.028500 0.045423 0.101582 0.993790 -0.001600 0.000000 0.000000 0.000000 1.000000
0.992998 0.092814 -0.073078 0.000000 -0.101990 0.985729 -0.133929 0.028500 0.059605 0.140445 0.988293 -0.001600 0.000000 0.000000 0.000000 1.000000
0.995300 0.060917 -0.075280 -0.000000 -0.073036 0.982652 -0.170473 0.028500 0.063590 0.175170 0.982483 -0.001600 0.000000 0.000000 0.000000 1.000000
0.996978 0.037541 -0.068006 -0.000000 -0.050029 0.980033 -0.192437 0.028500 0.059424 0.195258 0.978950 -0.001600 0.000000 0.000000 0.000000 1.000000
0.998535 0.023614 -0.048691 -0.000000 -0.032734 0.980057 -0.196003 0.028500 0.043091 0.197310 0.979394 -0.001600 0.000000 0.000000 0.000000 1.000000
0.999724 0.014790 -0.018232 -0.000000 -0.017945 0.982142 -0.187281 0.028500 0.015136 0.187556 0.982137 -0.001600 0.000000 0.000000 0.000000 1.000000
0.999810 0.005125 0.018821 -0.000000 -0.001737 0.984430 -0.175767 0.028500 -0.019429 0.175701 0.984252 -0.001600 0.000000 0.000000 0.000000 1.000000
0.998599 -0.008122 0.052286 0.000000 0.016688 0.986063 -0.165532 0.028500 -0.050213 0.166173 0.984817 -0.001600 0.000000 0.000000 0.000000 1.000000
0.996780 -0.026928 0.075530 -0.000000 0.038295 0.987430 -0.153349 0.028500 -0.070451 0.155747 0.985281 -0.001600 0.000000 0.000000 0.000000 1.000000
0.994773 -0.051116 0.088400 -0.000000 0.062784 0.988896 -0.134698 0.028500 -0.080534 0.139544 0.986936 -0.001600 0.000000 0.000000 0.000000 1.000000
0.992353 -0.076329 0.096998 -0.000000 0.086917 0.990114 -0.110088 0.028500 -0.087636 0.117677 0.989177 -0.001600 0.000000 0.000000 0.000000 1.000000
0.990506 -0.090369 0.103596 0.000000 0.099402 0.991356 -0.085625 0.028500 -0.094963 0.095109 0.990927 -0.001600 0.000000 0.000000 0.000000 1.000000
0.991141 -0.083526 0.103257 0.000000 0.090817 0.993540 -0.068050 0.028500 -0.096906 0.076825 0.992324 -0.001600 0.000000 0.000000 0.000000 1.000000
0.993648 -0.063750 0.092731 0.000000 0.069506 0.995762 -0.060219 0.028500 -0.088499 0.066282 0.993869 -0.001600 0.000000 0.000000 0.000000 1.000000
0.995916 -0.045312 0.078092 0.000000 0.050144 0.996873 -0.061064 0.028500 -0.075081 0.064731 0.995074 -0.001600 0.000000 0.000000 0.000000 1.000000
0.996721 -0.035051 0.072935 0.000000 0.039933 0.996981 -0.066592 0.028500 -0.070380 0.069286 0.995111 -0.001600 0.000000 0.000000 0.000000 1.000000
0.996123 -0.029049 0.083039 0.000000 0.035103 0.996758 -0.072402 0.028500 -0.080666 0.075036 0.993913 -0.001600 0.000000 0.000000 0.000000 1.000000
0.994921 -0.022171 0.098186 0.000000 0.029686 0.996684 -0.075756 0.028500 -0.096181 0.078286 0.992280 -0.001600 0.000000 0.000000 0.000000 1.000000
0.994573 -0.018445 0.102391 -0.000000 0.026261 0.996799 -0.075517 0.028500 -0.100670 0.077796 0.991874 -0.001600 0.000000 0.000000 0.000000 1.000000
0.995490 -0.023611 0.091884 0.000000 0.030241 0.996986 -0.071440 0.028500 -0.089920 0.073896 0.993204 -0.001600 0.000000 0.000000 0.000000 1.000000
0.996400 -0.032764 0.078187 -0.000000 0.037827 0.997221 -0.064184 0.028500 -0.075867 0.066910 0.994870 -0.001600 0.000000 0.000000 0.000000 1.000000
0.996499 -0.037563 0.074692 -0.000000 0.041721 0.997619 -0.054909 0.028500 -0.072452 0.057833 0.995694 -0.001600 0.000000 0.000000 0.000000 1.000000
0.995976 -0.036125 0.082020 0.000000 0.039895 0.998199 -0.044797 0.028500 -0.080254 0.047889 0.995623 -0.001600 0.000000 0.000000 0.000000 1.000000
0.995484 -0.032820 0.089072 0.000000 0.036031 0.998749 -0.034684 0.028500 -0.087823 0.037736 0.995421 -0.001600 0.000000 0.000000 0.000000 1.000000
0.995774 -0.031479 0.086280 0.000000 0.033764 0.999113 -0.025154 0.028500 -0.085411 0.027960 0.995953 -0.001600 0.000000 0.000000 0.000000 1.000000
0.996648 -0.032785 0.074949 0.000000 0.034160 0.999269 -0.017141 0.028500 -0.074333 0.019644 0.997040 -0.001600 0.000000 0.000000 0.000000 1.000000
0.997317 -0.036030 0.063726 0.000000 0.036872 0.999247 -0.012077 0.028500 -0.063243 0.014394 0.997894 -0.001600 0.000000 0.000000 0.000000 1.000000
0.997472 -0.040185 0.058604 0.000000 0.040885 0.999106 -0.010795 0.028500 -0.058118 0.013163 0.998223 -0.001600 0.000000 0.000000 0.000000 1.000000
0.997339 -0.043993 0.058125 0.000000 0.044790 0.998918 -0.012484 0.028500 -0.057513 0.015054 0.998231 -0.001600 0.000000 0.000000 0.000000 1.000000
0.997275 -0.046587 0.057195 0.000000 0.047529 0.998754 -0.015227 0.028500 -0.056414 0.017904 0.998247 -0.001600 0.000000 0.000000 0.000000 1.000000
0.997429 -0.047991 0.053214 0.000000 0.048973 0.998650 -0.017299 0.028500 -0.052312 0.019861 0.998433 -0.001600 0.000000 0.000000 0.000000 1.000000
0.997679 -0.048630 0.047664 0.000000 0.049520 0.998617 -0.017677 0.028500 -0.046739 0.019996 0.998707 -0.001600 0.000000 0.000000 0.000000 1.000000
0.997883 -0.048680 0.043125 0.000000 0.049405 0.998652 -0.015917 0.028500 -0.042292 0.018014 0.998943 -0.001600 0.000000 0.000000 0.000000 1.000000
0.998019 -0.048201 0.040423 0.000000 0.048737 0.998735 -0.012375 0.028500 -0.039776 0.014320 0.999106 -0.001600 0.000000 0.000000 0.000000 1.000000
0.998120 -0.047570 0.038654 0.000000 0.047929 0.998815 -0.008416 0.028500 -0.038208 0.010253 0.999217 -0.001600 0.000000 0.000000 0.000000 1.000000
0.998210 -0.047216 0.036705 0.000000 0.047456 0.998857 -0.005675 0.028500 -0.036395 0.007407 0.999310 -0.001600 0.000000 0.000000 0.000000 1.000000
0.998302 -0.047216 0.034104 0.000000 0.047404 0.998865 -0.004729 0.028500 -0.033842 0.006337 0.999407 -0.001600 0.000000 0.000000 0.000000 1.000000
0.998408 -0.047165 0.030932 0.000000 0.047333 0.998868 -0.004732 0.028500 -0.030674 0.006189 0.999510 -0.001600 0.000000 0.000000 0.000000 1.000000
0.998532 -0.046629 0.027556 0.000000 0.046769 0.998896 -0.004448 0.028500 -0.027318 0.005730 0.999610 -0.001600 0.000000 0.000000 0.000000 1.000000
0.998664 -0.045559 0.024396 0.000000 0.045651 0.998952 -0.003225 0.028500 -0.024224 0.004335 0.999697 -0.001600 0.000000 0.000000 0.000000 1.000000</float_array><technique_common><accessor source="#mixamorig_Spine-Matrix-animation-output-transform-array" count="66" stride="16"><param type="float4x4"/></accessor></technique_common></source><source id="mixamorig_Spine-Interpolations"><Name_array id="mixamorig_Spine-Interpolations-array" count="66">
 LINEAR LINEAR LINEAR LINEAR LINEAR LINEAR LINEAR LINEAR LINEAR LINEAR LINEAR
LINEAR LINEAR LINEAR LINEAR LINEAR LINEAR LINEAR LINEAR LINEAR LINEAR LINEAR LINEAR
LINEAR LINEAR LINEAR LINEAR LINEAR LINEAR LINEAR LINEAR LINEAR LINEAR LINEAR LINEAR
LINEAR LINEAR LINEAR LINEAR LINEAR LINEAR LINEAR LINEAR LINEAR LINEAR LINEAR LINEAR
LINEAR LINEAR LINEAR LINEAR LINEAR LINEAR LINEAR LINEAR LINEAR LINEAR LINEAR LINEAR
LINEAR LINEAR LINEAR LINEAR LINEAR LINEAR LINEAR</Name_array><technique_common><accessor source="#mixamorig_Spine-Interpolations-array" count="66"><param type="name"/></accessor></technique_common></source><sampler id="mixamorig_Spine-Matrix-animation-transform"><input semantic="INPUT" source="#mixamorig_Spine-Matrix-animation-input"/><input semantic="OUTPUT" source="#mixamorig_Spine-Matrix-animation-output-transform"/><input semantic="INTERPOLATION" source="#mixamorig_Spine-Interpolations"/></sampler><channel source="#mixamorig_Spine-Matrix-animation-transform" target="mixamorig_Spine/matrix"/></animation>
    <animation id="mixamorig_Spine1-anim" name="mixamorig_Spine1"><source id="mixamorig_Spine1-Matrix-animation-input"><float_array id="mixamorig_Spine1-Matrix-animation-input-array" count="66">

0.000000 0.033333 0.066667 0.100000 0.133333 0.166667 0.200000 0.233333 0.266667 0.300000 0.333333 0.366667 0.400000 0.433333 0.466667 0.500000
0.533333 0.566667 0.600000 0.633333 0.666667 0.700000 0.733333 0.766667 0.800000 0.833333 0.866667 0.900000 0.933333 0.966667 1.000000 1.033333
1.066667 1.100000 1.133333 1.166667 1.200000 1.233333 1.266667 1.300000 1.333333 1.366667 1.400000 1.433333 1.466667 1.500000 1.533333 1.566667
1.600000 1.633333 1.666667 1.700000 1.733333 1.766667 1.800000 1.833333 1.866667 1.900000 1.933333 1.966667 2.000000 2.033333 2.066667 2.100000
2.133333 2.166667</float_array><technique_common><accessor source="#mixamorig_Spine1-Matrix-animation-input-array" count="66"><param name="TIME" type="float"/></accessor></technique_common></source><source id="mixamorig_Spine1-Matrix-animation-output-transform"><float_array id="mixamorig_Spine1-Matrix-animation-output-transform-array" count="1056">

0.999615 -0.027380 0.004440 0.000000 0.027464 0.999420 -0.020122 0.033300 -0.003886 0.020236 0.999788 -0.000000 0.000000 0.000000 0.000000 1.000000
0.999598 -0.027805 0.005555 0.000000 0.027914 0.999398 -0.020606 0.033300 -0.004979 0.020753 0.999772 0.000000 0.000000 0.000000 0.000000 1.000000
0.999582 -0.028299 0.005923 -0.000000 0.028420 0.999364 -0.021559 0.033300 -0.005309 0.021718 0.999750 0.000000 0.000000 0.000000 0.000000 1.000000
0.999570 -0.028819 0.005320 0.000000 0.028934 0.999318 -0.022934 0.033300 -0.004656 0.023078 0.999723 -0.000000 0.000000 0.000000 0.000000 1.000000
0.999565 -0.029255 0.003851 -0.000000 0.029341 0.999267 -0.024587 0.033300 -0.003129 0.024689 0.999690 0.000000 0.000000 0.000000 0.000000 1.000000
0.999569 -0.029310 0.001929 0.000000 0.029350 0.999221 -0.026386 0.033300 -0.001155 0.026431 0.999650 0.000000 0.000000 0.000000 0.000000 1.000000
0.999594 -0.028509 -0.000127 0.000000 0.028494 0.999189 -0.028444 0.033300 0.000938 0.028428 0.999595 -0.000000 0.000000 0.000000 0.000000 1.000000
0.999646 -0.026502 -0.002496 0.000000 0.026412 0.999163 -0.031222 0.033300 0.003321 0.031145 0.999509 0.000000 0.000000 0.000000 0.000000 1.000000
0.999706 -0.023495 -0.005933 -0.000000 0.023271 0.999103 -0.035393 0.033300 0.006759 0.035244 0.999356 0.000000 0.000000 0.000000 0.000000 1.000000
0.999730 -0.020341 -0.011277 -0.000000 0.019858 0.998945 -0.041411 0.033300 0.012107 0.041176 0.999079 0.000000 0.000000 0.000000 0.000000 1.000000
0.999670 -0.018092 -0.018225 -0.000000 0.017179 0.998650 -0.049027 0.033300 0.019087 0.048698 0.998631 0.000000 0.000000 0.000000 0.000000 1.000000
0.999558 -0.017264 -0.024187 0.000000 0.015860 0.998242 -0.057116 0.033300 0.025130 0.056707 0.998075 0.000000 0.000000 0.000000 0.000000 1.000000
0.999528 -0.017400 -0.025318 -0.000000 0.015746 0.997818 -0.064123 0.033300 0.026378 0.063694 0.997621 -0.000000 0.000000 0.000000 0.000000 1.000000
0.999641 -0.017436 -0.020336 0.000000 0.015995 0.997489 -0.068993 0.033300 0.021488 0.068643 0.997410 0.000000 0.000000 0.000000 0.000000 1.000000
0.999775 -0.016787 -0.012957 0.000000 0.015815 0.997298 -0.071745 0.033300 0.014126 0.071524 0.997339 0.000000 0.000000 0.000000 0.000000 1.000000
0.999833 -0.016176 -0.008478 0.000000 0.015516 0.997223 -0.072840 0.033300 0.009633 0.072697 0.997308 0.000000 0.000000 0.000000 0.000000 1.000000
0.999813 -0.017277 -0.008745 0.000000 0.016602 0.997256 -0.072139 0.033300 0.009967 0.071980 0.997356 0.000000 0.000000 0.000000 0.000000 1.000000
0.999697 -0.021235 -0.012433 0.000000 0.020324 0.997391 -0.069266 0.033300 0.013871 0.068992 0.997521 0.000000 0.000000 0.000000 0.000000 1.000000
0.999492 -0.026996 -0.016944 0.000000 0.025846 0.997565 -0.064781 0.033300 0.018652 0.064310 0.997756 0.000000 0.000000 0.000000 0.000000 1.000000
0.999354 -0.031400 -0.017486 0.000000 0.030302 0.997747 -0.059858 0.033300 0.019326 0.059290 0.998054 0.000000 0.000000 0.000000 0.000000 1.000000
0.999441 -0.032043 -0.009575 0.000000 0.031470 0.997991 -0.054982 0.033300 0.011317 0.054650 0.998441 0.000000 0.000000 0.000000 0.000000 1.000000
0.999562 -0.029263 0.004384 -0.000000 0.029445 0.998331 -0.049676 0.033300 -0.002923 0.049784 0.998756 0.000000 0.000000 0.000000 0.000000 1.000000
0.999600 -0.023936 0.015057 0.000000 0.024571 0.998752 -0.043483 0.033300 -0.013997 0.043836 0.998941 -0.000000 0.000000 0.000000 0.000000 1.000000
0.999772 -0.015316 0.014883 0.000000 0.015861 0.999181 -0.037224 0.033300 -0.014301 0.037451 0.999196 -0.000000 0.000000 0.000000 0.000000 1.000000
0.999980 -0.003551 0.005300 0.000000 0.003727 0.999431 -0.033514 0.033300 -0.005178 0.033533 0.999424 0.000000 0.000000 0.000000 0.000000 1.000000
0.999959 0.007602 -0.004839 -0.000000 -0.007769 0.999335 -0.035636 0.033300 0.004565 0.035672 0.999353 0.000000 0.000000 0.000000 0.000000 1.000000
0.999875 0.013894 -0.007517 0.000000 -0.014219 0.998881 -0.045098 0.033300 0.006882 0.045200 0.998954 0.000000 0.000000 0.000000 0.000000 1.000000
0.999882 0.015167 -0.002620 0.000000 -0.015296 0.998094 -0.059782 0.033300 0.001708 0.059815 0.998208 0.000000 0.000000 0.000000 0.000000 1.000000
0.999894 0.014131 0.003542 -0.000000 -0.013827 0.997110 -0.074708 0.033300 -0.004588 0.074651 0.997199 0.000000 0.000000 0.000000 0.000000 1.000000
0.999903 0.012305 0.006506 0.000000 -0.011706 0.996296 -0.085190 0.033300 -0.007530 0.085106 0.996343 -0.000000 0.000000 0.000000 0.000000 1.000000
0.999927 0.008923 0.008164 0.000000 -0.008157 0.995957 -0.089462 0.033300 -0.008929 0.089389 0.995957 0.000000 0.000000 0.000000 0.000000 1.000000
0.999915 0.002779 0.012709 -0.000000 -0.001638 0.996038 -0.088916 0.033300 -0.012906 0.088888 0.995958 -0.000000 0.000000 0.000000 0.000000 1.000000
0.999765 -0.005900 0.020842 0.000000 0.007678 0.996238 -0.086324 0.033300 -0.020254 0.086464 0.996049 0.000000 0.000000 0.000000 0.000000 1.000000
0.999445 -0.015512 0.029468 -0.000000 0.017917 0.996372 -0.083192 0.033300 -0.028070 0.083674 0.996098 0.000000 0.000000 0.000000 0.000000 1.000000
0.999066 -0.024373 0.035681 0.000000 0.027113 0.996549 -0.078452 0.033300 -0.033646 0.079346 0.996279 -0.000000 0.000000 0.000000 0.000000 1.000000
0.998730 -0.031306 0.039481 0.000000 0.034025 0.996954 -0.070183 0.033300 -0.037164 0.071437 0.996753 -0.000000 0.000000 0.000000 0.000000 1.000000
0.998461 -0.035310 0.042770 0.000000 0.037800 0.997549 -0.058884 0.033300 -0.040586 0.060410 0.997348 -0.000000 0.000000 0.000000 0.000000 1.000000
0.998281 -0.035573 0.046584 0.000000 0.037825 0.998112 -0.048389 0.033300 -0.044775 0.050068 0.997742 0.000000 0.000000 0.000000 0.000000 1.000000
0.998252 -0.032338 0.049471 0.000000 0.034469 0.998487 -0.042841 0.033300 -0.048011 0.044471 0.997856 0.000000 0.000000 0.000000 0.000000 1.000000
0.998425 -0.027491 0.048911 0.000000 0.029605 0.998634 -0.043043 0.033300 -0.047660 0.044423 0.997875 0.000000 0.000000 0.000000 0.000000 1.000000
0.998708 -0.023515 0.045053 -0.000000 0.025596 0.998605 -0.046185 0.033300 -0.043905 0.047278 0.997916 0.000000 0.000000 0.000000 0.000000 1.000000
0.998900 -0.021301 0.041776 0.000000 0.023333 0.998537 -0.048781 0.033300 -0.040675 0.049702 0.997935 -0.000000 0.000000 0.000000 0.000000 1.000000
0.998921 -0.019711 0.042052 -0.000000 0.021788 0.998534 -0.049541 0.033300 -0.041014 0.050404 0.997886 0.000000 0.000000 0.000000 0.000000 1.000000
0.998897 -0.018035 0.043350 0.000000 0.020168 0.998581 -0.049289 0.033300 -0.042400 0.050109 0.997843 0.000000 0.000000 0.000000 0.000000 1.000000
0.999044 -0.017500 0.040066 0.000000 0.019444 0.998626 -0.048668 0.033300 -0.039159 0.049401 0.998011 0.000000 0.000000 0.000000 0.000000 1.000000
0.999346 -0.019182 0.030642 0.000000 0.020613 0.998678 -0.047080 0.033300 -0.029699 0.047680 0.998421 -0.000000 0.000000 0.000000 0.000000 1.000000
0.999554 -0.021987 0.020208 -0.000000 0.022857 0.998775 -0.043883 0.033300 -0.019219 0.044325 0.998832 0.000000 0.000000 0.000000 0.000000 1.000000
0.999600 -0.023968 0.015038 0.000000 0.024545 0.998918 -0.039497 0.033300 -0.014075 0.039850 0.999107 0.000000 0.000000 0.000000 0.000000 1.000000
0.999573 -0.024503 0.015916 0.000000 0.025047 0.999075 -0.034942 0.033300 -0.015045 0.035326 0.999263 0.000000 0.000000 0.000000 0.000000 1.000000
0.999535 -0.024313 0.018415 -0.000000 0.024874 0.999214 -0.030880 0.033300 -0.017649 0.031324 0.999353 0.000000 0.000000 0.000000 0.000000 1.000000
0.999538 -0.024180 0.018401 0.000000 0.024679 0.999319 -0.027418 0.033300 -0.017726 0.027859 0.999455 0.000000 0.000000 0.000000 0.000000 1.000000
0.999578 -0.024437 0.015689 0.000000 0.024819 0.999389 -0.024602 0.033300 -0.015078 0.024981 0.999574 -0.000000 0.000000 0.000000 0.000000 1.000000
0.999601 -0.025181 0.012824 0.000000 0.025469 0.999417 -0.022736 0.033300 -0.012244 0.023054 0.999659 0.000000 0.000000 0.000000 0.000000 1.000000
0.999586 -0.026285 0.011740 -0.000000 0.026539 0.999404 -0.022064 0.033300 -0.011153 0.022367 0.999688 0.000000 0.000000 0.000000 0.000000 1.000000
0.999553 -0.027358 0.012091 -0.000000 0.027623 0.999368 -0.022368 0.033300 -0.011472 0.022692 0.999677 0.000000 0.000000 0.000000 0.000000 1.000000
0.999530 -0.028061 0.012314 -0.000000 0.028340 0.999332 -0.023081 0.033300 -0.011658 0.023419 0.999658 0.000000 0.000000 0.000000 0.000000 1.000000
0.999530 -0.028392 0.011564 -0.000000 0.028660 0.999309 -0.023680 0.033300 -0.010883 0.024001 0.999653 0.000000 0.000000 0.000000 0.000000 1.000000
0.999540 -0.028516 0.010293 0.000000 0.028755 0.999302 -0.023846 0.033300 -0.009606 0.024131 0.999663 0.000000 0.000000 0.000000 0.000000 1.000000
0.999551 -0.028490 0.009328 -0.000000 0.028702 0.999313 -0.023429 0.033300 -0.008654 0.023686 0.999682 0.000000 0.000000 0.000000 0.000000 1.000000
0.999560 -0.028300 0.008916 0.000000 0.028495 0.999340 -0.022512 0.033300 -0.008273 0.022756 0.999707 0.000000 0.000000 0.000000 0.000000 1.000000
0.999568 -0.028054 0.008729 -0.000000 0.028236 0.999370 -0.021486 0.033300 -0.008120 0.021723 0.999731 0.000000 0.000000 0.000000 0.000000 1.000000
0.999575 -0.027929 0.008368 0.000000 0.028098 0.999389 -0.020809 0.033300 -0.007782 0.021035 0.999748 0.000000 0.000000 0.000000 0.000000 1.000000
0.999580 -0.027951 0.007667 -0.000000 0.028104 0.999392 -0.020620 0.033300 -0.007086 0.020826 0.999758 -0.000000 0.000000 0.000000 0.000000 1.000000
0.999587 -0.027950 0.006671 0.000000 0.028082 0.999392 -0.020646 0.033300 -0.006090 0.020825 0.999765 0.000000 0.000000 0.000000 0.000000 1.000000
0.999599 -0.027766 0.005535 0.000000 0.027874 0.999401 -0.020533 0.033300 -0.004961 0.020679 0.999774 0.000000 0.000000 0.000000 0.000000 1.000000
0.999615 -0.027380 0.004440 0.000000 0.027464 0.999420 -0.020122 0.033300 -0.003886 0.020236 0.999788 0.000000 0.000000 0.000000 0.000000 1.000000</float_array><technique_common><accessor source="#mixamorig_Spine1-Matrix-animation-output-transform-array" count="66" stride="16"><param type="float4x4"/></accessor></technique_common></source><source id="mixamorig_Spine1-Interpolations"><Name_array id="mixamorig_Spine1-Interpolations-array" count="66">
 LINEAR LINEAR LINEAR LINEAR LINEAR LINEAR LINEAR LINEAR LINEAR LINEAR LINEAR
LINEAR LINEAR LINEAR LINEAR LINEAR LINEAR LINEAR LINEAR LINEAR LINEAR LINEAR LINEAR
LINEAR LINEAR LINEAR LINEAR LINEAR LINEAR LINEAR LINEAR LINEAR LINEAR LINEAR LINEAR
LINEAR LINEAR LINEAR LINEAR LINEAR LINEAR LINEAR LINEAR LINEAR LINEAR LINEAR LINEAR
LINEAR LINEAR LINEAR LINEAR LINEAR LINEAR LINEAR LINEAR LINEAR LINEAR LINEAR LINEAR
LINEAR LINEAR LINEAR LINEAR LINEAR LINEAR LINEAR</Name_array><technique_common><accessor source="#mixamorig_Spine1-Interpolations-array" count="66"><param type="name"/></accessor></technique_common></source><sampler id="mixamorig_Spine1-Matrix-animation-transform"><input semantic="INPUT" source="#mixamorig_Spine1-Matrix-animation-input"/><input semantic="OUTPUT" source="#mixamorig_Spine1-Matrix-animation-output-transform"/><input semantic="INTERPOLATION" source="#mixamorig_Spine1-Interpolations"/></sampler><channel source="#mixamorig_Spine1-Matrix-animation-transform" target="mixamorig_Spine1/matrix"/></animation>
    <animation id="mixamorig_Spine2-anim" name="mixamorig_Spine2"><source id="mixamorig_Spine2-Matrix-animation-input"><float_array id="mixamorig_Spine2-Matrix-animation-input-array" count="66">

0.000000 0.033333 0.066667 0.100000 0.133333 0.166667 0.200000 0.233333 0.266667 0.300000 0.333333 0.366667 0.400000 0.433333 0.466667 0.500000
0.533333 0.566667 0.600000 0.633333 0.666667 0.700000 0.733333 0.766667 0.800000 0.833333 0.866667 0.900000 0.933333 0.966667 1.000000 1.033333
1.066667 1.100000 1.133333 1.166667 1.200000 1.233333 1.266667 1.300000 1.333333 1.366667 1.400000 1.433333 1.466667 1.500000 1.533333 1.566667
1.600000 1.633333 1.666667 1.700000 1.733333 1.766667 1.800000 1.833333 1.866667 1.900000 1.933333 1.966667 2.000000 2.033333 2.066667 2.100000
2.133333 2.166667</float_array><technique_common><accessor source="#mixamorig_Spine2-Matrix-animation-input-array" count="66"><param name="TIME" type="float"/></accessor></technique_common></source><source id="mixamorig_Spine2-Matrix-animation-output-transform"><float_array id="mixamorig_Spine2-Matrix-animation-output-transform-array" count="1056">

0.999611 -0.027455 0.004822 0.000000 0.027545 0.999427 -0.019671 0.038000 -0.004279 0.019796 0.999795 0.000000 0.000000 0.000000 0.000000 1.000000
0.999594 -0.027882 0.005936 0.000000 0.027996 0.999405 -0.020152 0.038000 -0.005371 0.020310 0.999779 0.000000 0.000000 0.000000 0.000000 1.000000
0.999577 -0.028383 0.006303 -0.000000 0.028510 0.999371 -0.021103 0.038000 -0.005700 0.021274 0.999757 0.000000 0.000000 0.000000 0.000000 1.000000
0.999566 -0.028917 0.005698 0.000000 0.029039 0.999326 -0.022478 0.038000 -0.005044 0.022634 0.999731 0.000000 0.000000 0.000000 0.000000 1.000000
0.999560 -0.029376 0.004221 -0.000000 0.029469 0.999274 -0.024130 0.038000 -0.003509 0.024244 0.999700 0.000000 0.000000 0.000000 0.000000 1.000000
0.999563 -0.029463 0.002286 0.000000 0.029512 0.999228 -0.025927 0.038000 -0.001520 0.025983 0.999661 -0.000000 0.000000 0.000000 0.000000 1.000000
0.999588 -0.028703 0.000213 -0.000000 0.028698 0.999196 -0.027981 0.038000 0.000590 0.027976 0.999608 -0.000000 0.000000 0.000000 0.000000 1.000000
0.999640 -0.026742 -0.002165 -0.000000 0.026663 0.999171 -0.030762 0.038000 0.002986 0.030693 0.999524 -0.000000 0.000000 0.000000 0.000000 1.000000
0.999701 -0.023784 -0.005606 0.000000 0.023574 0.999111 -0.034945 0.038000 0.006432 0.034802 0.999374 -0.000000 0.000000 0.000000 0.000000 1.000000
0.999726 -0.020682 -0.010968 0.000000 0.020216 0.998956 -0.040977 0.038000 0.011804 0.040744 0.999100 0.000000 0.000000 0.000000 0.000000 1.000000
0.999668 -0.018450 -0.017985 -0.000000 0.017557 0.998665 -0.048581 0.038000 0.018858 0.048249 0.998657 0.000000 0.000000 0.000000 0.000000 1.000000
0.999557 -0.017491 -0.024095 0.000000 0.016103 0.998266 -0.056614 0.038000 0.025043 0.056201 0.998105 0.000000 0.000000 0.000000 0.000000 1.000000
