<?xml version="1.0" encoding="utf-8"?>
<COLLADA xmlns="http://www.collada.org/2005/11/COLLADASchema" version="1.4.1">
  <asset><contributor><author>Mixamo</author><authoring_tool>COLLADA Mixamo exporter</authoring_tool><comments></comments></contributor><created>2014-08-29T16:11:01Z</created><modified>2014-08-29T16:11:01Z</modified><revision></revision><title></title><unit meter="0.025400"/><up_axis>Y_UP</up_axis></asset>
  <library_animations>
    <animation id="mixamorig_Hips-anim" name="mixamorig_Hips"><source id="mixamorig_Hips-Matrix-animation-input"><float_array id="mixamorig_Hips-Matrix-animation-input-array" count="50">

0.000000 0.033333 0.066667 0.100000 0.133333 0.166667 0.200000 0.233333 0.266667 0.300000 0.333333 0.366667 0.400000 0.433333 0.466667 0.500000
0.533333 0.566667 0.600000 0.633333 0.666667 0.700000 0.733333 0.766667 0.800000 0.833333 0.866667 0.900000 0.933333 0.966667 1.000000 1.033333
1.066667 1.100000 1.133333 1.166667 1.200000 1.233333 1.266667 1.300000 1.333333 1.366667 1.400000 1.433333 1.466667 1.500000 1.533333 1.566667
1.600000 1.633333</float_array><technique_common><accessor source="#mixamorig_Hips-Matrix-animation-input-array" count="50"><param name="TIME" type="float"/></accessor></technique_common></source><source id="mixamorig_Hips-Matrix-animation-output-transform"><float_array id="mixamorig_Hips-Matrix-animation-output-transform-array" count="800">

0.993924 0.061828 -0.091068 0.000652 -0.055998 0.996297 0.065241 0.368302 0.094764 -0.059745 0.993705 -0.000918 0.000000 0.000000 0.000000 1.000000
0.989132 0.064123 -0.132310 -0.005553 -0.055861 0.996305 0.065240 0.368244 0.136005 -0.057140 0.989059 -0.001896 0.000000 0.000000 0.000000 1.000000
0.982413 0.065103 -0.175004 -0.012401 -0.054410 0.996386 0.065223 0.367917 0.178618 -0.054554 0.982405 -0.002927 0.000000 0.000000 0.000000 1.000000
0.973556 0.064816 -0.219060 -0.019751 -0.051678 0.996534 0.065191 0.367333 0.222527 -0.052146 0.973531 -0.003834 0.000000 0.000000 0.000000 1.000000
0.962184 0.065834 -0.264326 -0.027005 -0.050285 0.996606 0.065174 0.366409 0.267720 -0.049417 0.962229 -0.004425 0.000000 0.000000 0.000000 1.000000
0.948055 0.068204 -0.310709 -0.033406 -0.050336 0.996603 0.065176 0.365331 0.314099 -0.046150 0.948268 -0.004612 0.000000 0.000000 0.000000 1.000000
0.930908 0.072241 -0.358038 -0.038347 -0.052255 0.996503 0.065199 0.364222 0.361496 -0.041985 0.931428 -0.004334 0.000000 0.000000 0.000000 1.000000
0.910558 0.077318 -0.406086 -0.041641 -0.055508 0.996325 0.065235 0.363099 0.409637 -0.036859 0.911504 -0.003496 0.000000 0.000000 0.000000 1.000000
0.886890 0.081002 -0.454824 -0.043629 -0.057520 0.996209 0.065257 0.362231 0.458386 -0.031714 0.888187 -0.002071 0.000000 0.000000 0.000000 1.000000
0.859667 0.083377 -0.504005 -0.044710 -0.058350 0.996160 0.065268 0.361681 0.507512 -0.026701 0.861231 0.000089 0.000000 0.000000 0.000000 1.000000
0.828660 0.084745 -0.553300 -0.045224 -0.058293 0.996163 0.065272 0.361330 0.556709 -0.021835 0.830421 0.003195 0.000000 0.000000 0.000000 1.000000
0.793673 0.085438 -0.602316 -0.045408 -0.057707 0.996198 0.065270 0.361083 0.605602 -0.017045 0.795585 0.007445 0.000000 0.000000 0.000000 1.000000
0.754564 0.085560 -0.650625 -0.045383 -0.056694 0.996256 0.065261 0.360925 0.653773 -0.012357 0.756590 0.012937 0.000000 0.000000 0.000000 1.000000
0.711206 0.085429 -0.697774 -0.045099 -0.055660 0.996316 0.065248 0.360783 0.700777 -0.007567 0.713340 0.019549 0.000000 0.000000 0.000000 1.000000
0.663504 0.085276 -0.743297 -0.044511 -0.054970 0.996354 0.065239 0.360614 0.746151 -0.002427 0.665773 0.027083 0.000000 0.000000 0.000000 1.000000
0.611453 0.085203 -0.786680 -0.043570 -0.054907 0.996358 0.065236 0.360425 0.789373 0.003305 0.613905 0.035279 0.000000 0.000000 0.000000 1.000000
0.555151 0.084997 -0.827396 -0.042244 -0.055318 0.996335 0.065236 0.360308 0.829908 0.009554 0.557818 0.043817 0.000000 0.000000 0.000000 1.000000
0.494754 0.084391 -0.864926 -0.040552 -0.055895 0.996303 0.065236 0.360353 0.867234 0.016069 0.497642 0.052341 0.000000 0.000000 0.000000 1.000000
0.430493 0.083372 -0.898735 -0.038575 -0.056741 0.996255 0.065240 0.360671 0.900808 0.022910 0.433612 0.060483 0.000000 0.000000 0.000000 1.000000
0.362678 0.081803 -0.928317 -0.036440 -0.057694 0.996200 0.065244 0.361371 0.930127 0.029896 0.366019 0.067870 0.000000 0.000000 0.000000 1.000000
0.291703 0.079486 -0.953200 -0.034292 -0.058237 0.996168 0.065247 0.362368 0.954734 0.036478 0.295215 0.074223 0.000000 0.000000 0.000000 1.000000
0.218060 0.076455 -0.972936 -0.032275 -0.058154 0.996173 0.065247 0.363491 0.974201 0.042353 0.221672 0.079441 0.000000 0.000000 0.000000 1.000000
0.142335 0.072877 -0.987132 -0.030470 -0.057592 0.996206 0.065243 0.364623 0.988142 0.047565 0.145992 0.083456 0.000000 0.000000 0.000000 1.000000
0.065176 0.068900 -0.995492 -0.028891 -0.056760 0.996254 0.065237 0.365684 0.996258 0.052252 0.068843 0.086014 0.000000 0.000000 0.000000 1.000000
-0.012726 0.064615 -0.997829 -0.027471 -0.055741 0.996312 0.065227 0.366592 0.998364 0.056450 -0.009077 0.086735 0.000000 0.000000 0.000000 1.000000
-0.090663 0.060102 -0.994066 -0.026069 -0.054527 0.996380 0.065215 0.367261 0.994388 0.060116 -0.087057 0.085520 0.000000 0.000000 0.000000 1.000000
-0.167935 0.055425 -0.984239 -0.024552 -0.053271 0.996449 0.065202 0.367634 0.984358 0.063381 -0.164386 0.082865 0.000000 0.000000 0.000000 1.000000
-0.243857 0.050549 -0.968493 -0.022817 -0.052354 0.996498 0.065193 0.367731 0.968397 0.066603 -0.240357 0.079602 0.000000 0.000000 0.000000 1.000000
-0.317746 0.045217 -0.947097 -0.020801 -0.052521 0.996489 0.065196 0.367677 0.946720 0.070458 -0.314256 0.076267 0.000000 0.000000 0.000000 1.000000
-0.388978 0.039337 -0.920407 -0.018423 -0.053521 0.996435 0.065206 0.367417 0.919691 0.074625 -0.385486 0.072741 0.000000 0.000000 0.000000 1.000000
-0.457025 0.033151 -0.888836 -0.015632 -0.054560 0.996379 0.065215 0.366930 0.887779 0.078300 -0.453561 0.068596 0.000000 0.000000 0.000000 1.000000
-0.521456 0.026860 -0.852855 -0.012364 -0.055351 0.996334 0.065222 0.366249 0.851481 0.081217 -0.518058 0.063670 0.000000 0.000000 0.000000 1.000000
-0.581897 0.020366 -0.813007 -0.008612 -0.056266 0.996283 0.065229 0.365506 0.811314 0.083701 -0.578588 0.058262 0.000000 0.000000 0.000000 1.000000
-0.638120 0.014073 -0.769808 -0.004463 -0.056722 0.996257 0.065232 0.364785 0.767844 0.085291 -0.634933 0.052848 0.000000 0.000000 0.000000 1.000000
-0.689978 0.008443 -0.723781 -0.000017 -0.056232 0.996285 0.065228 0.364170 0.721643 0.085705 -0.686940 0.047666 0.000000 0.000000 0.000000 1.000000
-0.737337 0.003215 -0.675518 0.004560 -0.055407 0.996331 0.065220 0.363852 0.673249 0.085518 -0.734454 0.042749 0.000000 0.000000 0.000000 1.000000
-0.780167 -0.001752 -0.625569 0.009050 -0.054526 0.996381 0.065211 0.363830 0.623190 0.084986 -0.777439 0.038003 0.000000 0.000000 0.000000 1.000000
-0.818512 -0.006638 -0.574450 0.013219 -0.053843 0.996418 0.065205 0.364019 0.571960 0.084302 -0.815938 0.033337 0.000000 0.000000 0.000000 1.000000
-0.852483 -0.011503 -0.522628 0.016847 -0.053419 0.996441 0.065202 0.364397 0.520018 0.083502 -0.850064 0.028706 0.000000 0.000000 0.000000 1.000000
-0.882233 -0.016407 -0.470528 0.019736 -0.053306 0.996447 0.065203 0.364899 0.467786 0.082606 -0.879973 0.024119 0.000000 0.000000 0.000000 1.000000
-0.907952 -0.021386 -0.418528 0.021687 -0.053528 0.996435 0.065208 0.365396 0.415641 0.081609 -0.905860 0.019632 0.000000 0.000000 0.000000 1.000000
-0.929869 -0.026303 -0.366950 0.022530 -0.053921 0.996413 0.065215 0.365815 0.363918 0.080427 -0.927952 0.015356 0.000000 0.000000 0.000000 1.000000
-0.948228 -0.031060 -0.316069 0.022164 -0.054378 0.996388 0.065223 0.366165 0.312901 0.079033 -0.946492 0.011428 0.000000 0.000000 0.000000 1.000000
-0.963287 -0.035466 -0.266121 0.020641 -0.054705 0.996370 0.065229 0.366481 0.262841 0.077393 -0.961730 0.007987 0.000000 0.000000 0.000000 1.000000
-0.975310 -0.039333 -0.217311 0.018167 -0.054716 0.996369 0.065231 0.366832 0.213956 0.075511 -0.973920 0.005165 0.000000 0.000000 0.000000 1.000000
-0.984554 -0.042682 -0.169800 0.015021 -0.054444 0.996384 0.065228 0.367224 0.166402 0.073465 -0.983318 0.003046 0.000000 0.000000 0.000000 1.000000
-0.991251 -0.046029 -0.123706 0.011497 -0.054407 0.996386 0.065226 0.367559 0.120257 0.071386 -0.990173 0.001637 0.000000 0.000000 0.000000 1.000000
-0.995637 -0.049480 -0.079118 0.007933 -0.054700 0.996370 0.065229 0.367827 0.075603 0.069272 -0.994729 0.000864 0.000000 0.000000 0.000000 1.000000
-0.997940 -0.053029 -0.036093 0.004686 -0.055303 0.996336 0.065234 0.368049 0.032502 0.067096 -0.997217 0.000588 0.000000 0.000000 0.000000 1.000000
-0.998390 -0.056469 0.005343 0.002056 -0.056002 0.996297 0.065241 0.368302 -0.009007 0.064837 -0.997855 0.000629 0.000000 0.000000 0.000000 1.000000</float_array><technique_common><accessor source="#mixamorig_Hips-Matrix-animation-output-transform-array" count="50" stride="16"><param type="float4x4"/></accessor></technique_common></source><source id="mixamorig_Hips-Interpolations"><Name_array id="mixamorig_Hips-Interpolations-array" count="50">
 LINEAR LINEAR LINEAR LINEAR LINEAR LINEAR LINEAR LINEAR LINEAR LINEAR LINEAR
LINEAR LINEAR LINEAR LINEAR LINEAR LINEAR LINEAR LINEAR LINEAR LINEAR LINEAR LINEAR
LINEAR LINEAR LINEAR LINEAR LINEAR LINEAR LINEAR LINEAR LINEAR LINEAR LINEAR LINEAR
LINEAR LINEAR LINEAR LINEAR LINEAR LINEAR LINEAR LINEAR LINEAR LINEAR LINEAR LINEAR
LINEAR LINEAR LINEAR</Name_array><technique_common><accessor source="#mixamorig_Hips-Interpolations-array" count="50"><param type="name"/></accessor></technique_common></source><sampler id="mixamorig_Hips-Matrix-animation-transform"><input semantic="INPUT" source="#mixamorig_Hips-Matrix-animation-input"/><input semantic="OUTPUT" source="#mixamorig_Hips-Matrix-animation-output-transform"/><input semantic="INTERPOLATION" source="#mixamorig_Hips-Interpolations"/></sampler><channel source="#mixamorig_Hips-Matrix-animation-transform" target="mixamorig_Hips/matrix"/></animation>
    <animation id="mixamorig_Spine-anim" name="mixamorig_Spine"><source id="mixamorig_Spine-Matrix-animation-input"><float_array id="mixamorig_Spine-Matrix-animation-input-array" count="50">

0.000000 0.033333 0.066667 0.100000 0.133333 0.166667 0.200000 0.233333 0.266667 0.300000 0.333333 0.366667 0.400000 0.433333 0.466667 0.500000
0.533333 0.566667 0.600000 0.633333 0.666667 0.700000 0.733333 0.766667 0.800000 0.833333 0.866667 0.900000 0.933333 0.966667 1.000000 1.033333
1.066667 1.100000 1.133333 1.166667 1.200000 1.233333 1.266667 1.300000 1.333333 1.366667 1.400000 1.433333 1.466667 1.500000 1.533333 1.566667
1.600000 1.633333</float_array><technique_common><accessor source="#mixamorig_Spine-Matrix-animation-input-array" count="50"><param name="TIME" type="float"/></accessor></technique_common></source><source id="mixamorig_Spine-Matrix-animation-output-transform"><float_array id="mixamorig_Spine-Matrix-animation-output-transform-array" count="800">

0.998664 -0.045556 0.024396 0.000000 0.045648 0.998952 -0.003225 0.028500 -0.024224 0.004335 0.999697 -0.001600 0.000000 0.000000 0.000000 1.000000
0.998955 -0.042701 0.016312 0.000000 0.042704 0.999088 0.000159 0.028500 -0.016304 0.000537 0.999867 -0.001600 0.000000 0.000000 0.000000 1.000000
0.999210 -0.037961 0.011731 0.000000 0.037926 0.999275 0.003233 0.028500 -0.011845 -0.002785 0.999926 -0.001600 0.000000 0.000000 0.000000 1.000000
0.999395 -0.032611 0.012122 0.000000 0.032548 0.999456 0.005340 0.028500 -0.012290 -0.004943 0.999912 -0.001600 0.000000 0.000000 0.000000 1.000000
0.999365 -0.030685 0.018132 -0.000000 0.030587 0.999516 0.005682 0.028500 -0.018298 -0.005124 0.999819 -0.001600 0.000000 0.000000 0.000000 1.000000
0.999037 -0.033018 0.028878 0.000000 0.032919 0.999450 0.003877 0.028500 -0.028990 -0.002922 0.999575 -0.001600 0.000000 0.000000 0.000000 1.000000
0.998316 -0.039696 0.042308 0.000000 0.039717 0.999211 0.000357 0.028500 -0.042289 0.001324 0.999105 -0.001600 0.000000 0.000000 0.000000 1.000000
0.997199 -0.049272 0.056276 -0.000000 0.049562 0.998764 -0.003767 0.028500 -0.056021 0.006546 0.998408 -0.001600 0.000000 0.000000 0.000000 1.000000
0.995852 -0.058532 0.069667 -0.000000 0.059185 0.998220 -0.007347 0.028500 -0.069113 0.011440 0.997543 -0.001600 0.000000 0.000000 0.000000 1.000000
0.994335 -0.067561 0.082060 0.000000 0.068573 0.997600 -0.009573 0.028500 -0.081217 0.015146 0.996581 -0.001600 0.000000 0.000000 0.000000 1.000000
0.992670 -0.076851 0.093273 0.000000 0.078144 0.996889 -0.010289 0.028500 -0.092192 0.017502 0.995587 -0.001600 0.000000 0.000000 0.000000 1.000000
0.990965 -0.086247 0.102708 0.000000 0.087721 0.996096 -0.009915 0.028500 -0.101452 0.018835 0.994662 -0.001600 0.000000 0.000000 0.000000 1.000000
0.989502 -0.094472 0.109363 0.000000 0.096035 0.995336 -0.009106 0.028500 -0.107993 0.019514 0.993960 -0.001600 0.000000 0.000000 0.000000 1.000000
0.988564 -0.100472 0.112458 0.000000 0.102046 0.994745 -0.008316 0.028500 -0.111032 0.019696 0.993622 -0.001600 0.000000 0.000000 0.000000 1.000000
0.988244 -0.103983 0.112073 0.000000 0.105498 0.994390 -0.007656 0.028500 -0.110648 0.019390 0.993670 -0.001600 0.000000 0.000000 0.000000 1.000000
0.988406 -0.105622 0.109079 0.000000 0.107021 0.994232 -0.007030 0.028500 -0.107707 0.018623 0.994008 -0.001600 0.000000 0.000000 0.000000 1.000000
0.988859 -0.105939 0.104567 0.000000 0.107187 0.994219 -0.006364 0.028500 -0.103289 0.017502 0.994497 -0.001600 0.000000 0.000000 0.000000 1.000000
0.989491 -0.105128 0.099275 0.000000 0.106211 0.994327 -0.005672 0.028500 -0.098116 0.016156 0.995044 -0.001600 0.000000 0.000000 0.000000 1.000000
0.990225 -0.103584 0.093408 -0.000000 0.104500 0.994513 -0.004953 0.028500 -0.092382 0.014666 0.995616 -0.001600 0.000000 0.000000 0.000000 1.000000
0.991027 -0.101475 0.086999 0.000000 0.102225 0.994752 -0.004201 0.028500 -0.086116 0.013057 0.996200 -0.001600 0.000000 0.000000 0.000000 1.000000
0.991882 -0.098655 0.080230 0.000000 0.099247 0.995057 -0.003417 0.028500 -0.079496 0.011352 0.996771 -0.001600 0.000000 0.000000 0.000000 1.000000
0.992750 -0.095180 0.073398 -0.000000 0.095627 0.995414 -0.002596 0.028500 -0.072814 0.009596 0.997299 -0.001600 0.000000 0.000000 0.000000 1.000000
0.993574 -0.091396 0.066764 0.000000 0.091715 0.995784 -0.001728 0.028500 -0.066325 0.007841 0.997767 -0.001600 0.000000 0.000000 0.000000 1.000000
0.994294 -0.087824 0.060553 0.000000 0.088033 0.996117 -0.000786 0.028500 -0.060249 0.006112 0.998165 -0.001600 0.000000 0.000000 0.000000 1.000000
0.994860 -0.085018 0.055003 -0.000000 0.085132 0.996370 0.000259 0.028500 -0.054826 0.004425 0.998486 -0.001600 0.000000 0.000000 0.000000 1.000000
0.995235 -0.083382 0.050537 -0.000000 0.083419 0.996514 0.001379 0.028500 -0.050476 0.002843 0.998721 -0.001600 0.000000 0.000000 0.000000 1.000000
0.995411 -0.083022 0.047586 0.000000 0.083000 0.996547 0.002444 0.028500 -0.047624 0.001517 0.998864 -0.001600 0.000000 0.000000 0.000000 1.000000
0.995424 -0.083618 0.046249 -0.000000 0.083556 0.996498 0.003285 0.028500 -0.046361 0.000594 0.998925 -0.001600 0.000000 0.000000 0.000000 1.000000
0.995323 -0.084886 0.046115 0.000000 0.084797 0.996391 0.003895 0.028500 -0.046279 0.000034 0.998929 -0.001600 0.000000 0.000000 0.000000 1.000000
0.995223 -0.085837 0.046513 -0.000000 0.085719 0.996309 0.004541 0.028500 -0.046732 -0.000532 0.998907 -0.001600 0.000000 0.000000 0.000000 1.000000
0.995233 -0.085565 0.046797 0.000000 0.085391 0.996331 0.005705 0.028500 -0.047113 -0.001682 0.998888 -0.001600 0.000000 0.000000 0.000000 1.000000
0.995376 -0.084049 0.046508 -0.000000 0.083778 0.996454 0.007747 0.028500 -0.046994 -0.003815 0.998888 -0.001600 0.000000 0.000000 0.000000 1.000000
0.995618 -0.081772 0.045363 0.000000 0.081377 0.996628 0.010495 0.028500 -0.046069 -0.006758 0.998915 -0.001600 0.000000 0.000000 0.000000 1.000000
0.996014 -0.077945 0.043373 0.000000 0.077445 0.996911 0.013087 0.028500 -0.044259 -0.009676 0.998973 -0.001600 0.000000 0.000000 0.000000 1.000000
0.996572 -0.071967 0.040800 0.000000 0.071433 0.997341 0.014403 0.028500 -0.041728 -0.011439 0.999064 -0.001600 0.000000 0.000000 0.000000 1.000000
0.997156 -0.064980 0.038187 0.000000 0.064496 0.997823 0.013756 0.028500 -0.038998 -0.011254 0.999176 -0.001600 0.000000 0.000000 0.000000 1.000000
0.997625 -0.058405 0.036521 -0.000000 0.058028 0.998251 0.011296 0.028500 -0.037117 -0.009150 0.999269 -0.001600 0.000000 0.000000 0.000000 1.000000
0.997894 -0.053441 0.036772 -0.000000 0.053186 0.998553 0.007886 0.028500 -0.037140 -0.005914 0.999293 -0.001600 0.000000 0.000000 0.000000 1.000000
0.997978 -0.049979 0.039275 -0.000000 0.049840 0.998747 0.004516 0.028500 -0.039452 -0.002549 0.999218 -0.001600 0.000000 0.000000 0.000000 1.000000
0.997966 -0.046723 0.043366 0.000000 0.046693 0.998908 0.001702 0.028500 -0.043398 0.000326 0.999058 -0.001600 0.000000 0.000000 0.000000 1.000000
0.997969 -0.042191 0.047724 -0.000000 0.042270 0.999106 -0.000658 0.028500 -0.047654 0.002674 0.998860 -0.001600 0.000000 0.000000 0.000000 1.000000
0.998040 -0.035930 0.051230 0.000000 0.036128 0.999343 -0.002936 0.028500 -0.051091 0.004782 0.998683 -0.001600 0.000000 0.000000 0.000000 1.000000
0.998132 -0.029319 0.053593 0.000000 0.029643 0.999547 -0.005262 0.028500 -0.053414 0.006840 0.998549 -0.001600 0.000000 0.000000 0.000000 1.000000
0.998170 -0.024671 0.055217 0.000000 0.025111 0.999658 -0.007299 0.028500 -0.055018 0.008672 0.998448 -0.001600 0.000000 0.000000 0.000000 1.000000
0.998125 -0.023808 0.056383 -0.000000 0.024323 0.999668 -0.008470 0.028500 -0.056163 0.009826 0.998373 -0.001600 0.000000 0.000000 0.000000 1.000000
0.998036 -0.027028 0.056512 -0.000000 0.027545 0.999585 -0.008390 0.028500 -0.056262 0.009930 0.998367 -0.001600 0.000000 0.000000 0.000000 1.000000
0.997977 -0.033215 0.054213 0.000000 0.033653 0.999408 -0.007180 0.028500 -0.053942 0.008990 0.998504 -0.001600 0.000000 0.000000 0.000000 1.000000
0.998048 -0.039789 0.048130 0.000000 0.040098 0.999181 -0.005465 0.028500 -0.047873 0.007384 0.998826 -0.001600 0.000000 0.000000 0.000000 1.000000
0.998298 -0.044337 0.037895 0.000000 0.044520 0.999000 -0.003995 0.028500 -0.037680 0.005676 0.999274 -0.001600 0.000000 0.000000 0.000000 1.000000
0.998664 -0.045559 0.024396 0.000000 0.045651 0.998952 -0.003225 0.028500 -0.024224 0.004335 0.999697 -0.001600 0.000000 0.000000 0.000000 1.000000</float_array><technique_common><accessor source="#mixamorig_Spine-Matrix-animation-output-transform-array" count="50" stride="16"><param type="float4x4"/></accessor></technique_common></source><source id="mixamorig_Spine-Interpolations"><Name_array id="mixamorig_Spine-Interpolations-array" count="50">
 LINEAR LINEAR LINEAR LINEAR LINEAR LINEAR LINEAR LINEAR LINEAR LINEAR LINEAR
LINEAR LINEAR LINEAR LINEAR LINEAR LINEAR LINEAR LINEAR LINEAR LINEAR LINEAR LINEAR
LINEAR LINEAR LINEAR LINEAR LINEAR LINEAR LINEAR LINEAR LINEAR LINEAR LINEAR LINEAR
LINEAR LINEAR LINEAR LINEAR LINEAR LINEAR LINEAR LINEAR LINEAR LINEAR LINEAR LINEAR
LINEAR LINEAR LINEAR</Name_array><technique_common><accessor source="#mixamorig_Spine-Interpolations-array" count="50"><param type="name"/></accessor></technique_common></source><sampler id="mixamorig_Spine-Matrix-animation-transform"><input semantic="INPUT" source="#mixamorig_Spine-Matrix-animation-input"/><input semantic="OUTPUT" source="#mixamorig_Spine-Matrix-animation-output-transform"/><input semantic="INTERPOLATION" source="#mixamorig_Spine-Interpolations"/></sampler><channel source="#mixamorig_Spine-Matrix-animation-transform" target="mixamorig_Spine/matrix"/></animation>
    <animation id="mixamorig_Spine1-anim" name="mixamorig_Spine1"><source id="mixamorig_Spine1-Matrix-animation-input"><float_array id="mixamorig_Spine1-Matrix-animation-input-array" count="50">

0.000000 0.033333 0.066667 0.100000 0.133333 0.166667 0.200000 0.233333 0.266667 0.300000 0.333333 0.366667 0.400000 0.433333 0.466667 0.500000
0.533333 0.566667 0.600000 0.633333 0.666667 0.700000 0.733333 0.766667 0.800000 0.833333 0.866667 0.900000 0.933333 0.966667 1.000000 1.033333
1.066667 1.100000 1.133333 1.166667 1.200000 1.233333 1.266667 1.300000 1.333333 1.366667 1.400000 1.433333 1.466667 1.500000 1.533333 1.566667
1.600000 1.633333</float_array><technique_common><accessor source="#mixamorig_Spine1-Matrix-animation-input-array" count="50"><param name="TIME" type="float"/></accessor></technique_common></source><source id="mixamorig_Spine1-Matrix-animation-output-transform"><float_array id="mixamorig_Spine1-Matrix-animation-output-transform-array" count="800">

0.999615 -0.027380 0.004440 -0.000000 0.027464 0.999420 -0.020122 0.033300 -0.003886 0.020236 0.999788 -0.000000 0.000000 0.000000 0.000000 1.000000
0.999594 -0.028433 0.001847 0.000000 0.028463 0.999414 -0.019028 0.033300 -0.001305 0.019073 0.999817 -0.000000 0.000000 0.000000 0.000000 1.000000
0.999565 -0.029491 0.000194 0.000000 0.029489 0.999399 -0.018235 0.033300 0.000344 0.018233 0.999834 -0.000000 0.000000 0.000000 0.000000 1.000000
0.999527 -0.030760 -0.000081 0.000000 0.030754 0.999366 -0.017920 0.033300 0.000632 0.017909 0.999839 0.000000 0.000000 0.000000 0.000000 1.000000
0.999472 -0.032479 0.001279 -0.000000 0.032497 0.999306 -0.018216 0.033300 -0.000687 0.018248 0.999833 0.000000 0.000000 0.000000 0.000000 1.000000
0.999387 -0.034764 0.004088 0.000000 0.034836 0.999211 -0.019077 0.033300 -0.003421 0.019207 0.999810 -0.000000 0.000000 0.000000 0.000000 1.000000
0.999265 -0.037522 0.007802 0.000000 0.037673 0.999085 -0.020251 0.033300 -0.007035 0.020530 0.999764 0.000000 0.000000 0.000000 0.000000 1.000000
0.999110 -0.040501 0.011768 -0.000000 0.040746 0.998941 -0.021366 0.033300 -0.010890 0.021827 0.999702 0.000000 0.000000 0.000000 0.000000 1.000000
0.998936 -0.043451 0.015483 0.000000 0.043788 0.998797 -0.022090 0.033300 -0.014504 0.022744 0.999636 0.000000 0.000000 0.000000 0.000000 1.000000
0.998753 -0.046274 0.018746 0.000000 0.046688 0.998661 -0.022273 0.033300 -0.017690 0.023120 0.999576 -0.000000 0.000000 0.000000 0.000000 1.000000
0.998564 -0.049019 0.021619 0.000000 0.049493 0.998533 -0.021961 0.033300 -0.020510 0.023000 0.999525 -0.000000 0.000000 0.000000 0.000000 1.000000
0.998368 -0.051716 0.024221 -0.000000 0.052244 0.998399 -0.021692 0.033300 -0.023060 0.022922 0.999471 0.000000 0.000000 0.000000 0.000000 1.000000
0.998180 -0.054165 0.026493 0.000000 0.054741 0.998269 -0.021521 0.033300 -0.025282 0.022932 0.999417 0.000000 0.000000 0.000000 0.000000 1.000000
0.998043 -0.055871 0.028091 0.000000 0.056481 0.998174 -0.021412 0.033300 -0.026843 0.022957 0.999376 0.000000 0.000000 0.000000 0.000000 1.000000
0.998013 -0.056211 0.028478 -0.000000 0.056828 0.998156 -0.021339 0.033300 -0.027226 0.022915 0.999367 -0.000000 0.000000 0.000000 0.000000 1.000000
0.998126 -0.054809 0.027203 -0.000000 0.055394 0.998239 -0.021202 0.033300 -0.025993 0.022669 0.999405 0.000000 0.000000 0.000000 0.000000 1.000000
0.998361 -0.051872 0.024190 0.000000 0.052376 0.998412 -0.020720 0.033300 -0.023077 0.021953 0.999493 0.000000 0.000000 0.000000 0.000000 1.000000
0.998637 -0.048256 0.019895 -0.000000 0.048651 0.998619 -0.019844 0.033300 -0.018910 0.020785 0.999605 0.000000 0.000000 0.000000 0.000000 1.000000
0.998864 -0.045155 0.015225 0.000000 0.045439 0.998789 -0.018885 0.033300 -0.014354 0.019555 0.999706 0.000000 0.000000 0.000000 0.000000 1.000000
0.998989 -0.043520 0.011227 0.000000 0.043721 0.998877 -0.018258 0.033300 -0.010420 0.018731 0.999770 -0.000000 0.000000 0.000000 0.000000 1.000000
0.999011 -0.043607 0.008668 0.000000 0.043759 0.998876 -0.018202 0.033300 -0.007864 0.018563 0.999797 0.000000 0.000000 0.000000 0.000000 1.000000
0.998961 -0.044922 0.007721 0.000000 0.045059 0.998811 -0.018618 0.033300 -0.006875 0.018946 0.999797 0.000000 0.000000 0.000000 0.000000 1.000000
0.998881 -0.046619 0.007949 0.000000 0.046764 0.998722 -0.019158 0.033300 -0.007046 0.019508 0.999785 -0.000000 0.000000 0.000000 0.000000 1.000000
0.998810 -0.048011 0.008586 0.000000 0.048171 0.998649 -0.019478 0.033300 -0.007639 0.019869 0.999773 -0.000000 0.000000 0.000000 0.000000 1.000000
0.998766 -0.048857 0.008963 0.000000 0.049024 0.998608 -0.019452 0.033300 -0.008000 0.019867 0.999771 -0.000000 0.000000 0.000000 0.000000 1.000000
0.998744 -0.049320 0.008845 0.000000 0.049482 0.998590 -0.019198 0.033300 -0.007886 0.019612 0.999777 -0.000000 0.000000 0.000000 0.000000 1.000000
0.998729 -0.049700 0.008431 0.000000 0.049852 0.998577 -0.018933 0.033300 -0.007478 0.019330 0.999785 0.000000 0.000000 0.000000 0.000000 1.000000
0.998708 -0.050180 0.008077 0.000000 0.050325 0.998556 -0.018783 0.033300 -0.007123 0.019165 0.999791 0.000000 0.000000 0.000000 0.000000 1.000000
0.998679 -0.050765 0.008003 -0.000000 0.050908 0.998529 -0.018683 0.033300 -0.007043 0.019065 0.999793 0.000000 0.000000 0.000000 0.000000 1.000000
0.998647 -0.051351 0.008171 0.000000 0.051495 0.998503 -0.018433 0.033300 -0.007212 0.018829 0.999797 -0.000000 0.000000 0.000000 0.000000 1.000000
0.998621 -0.051820 0.008376 0.000000 0.051963 0.998490 -0.017832 0.033300 -0.007439 0.018243 0.999806 0.000000 0.000000 0.000000 0.000000 1.000000
0.998608 -0.052069 0.008409 0.000000 0.052205 0.998494 -0.016839 0.033300 -0.007519 0.017255 0.999823 0.000000 0.000000 0.000000 0.000000 1.000000
0.998614 -0.051989 0.008163 0.000000 0.052112 0.998519 -0.015652 0.033300 -0.007337 0.016056 0.999844 -0.000000 0.000000 0.000000 0.000000 1.000000
0.998645 -0.051477 0.007639 0.000000 0.051584 0.998561 -0.014652 0.033300 -0.006873 0.015026 0.999863 -0.000000 0.000000 0.000000 0.000000 1.000000
0.998700 -0.050495 0.006936 0.000000 0.050590 0.998618 -0.014224 0.033300 -0.006208 0.014556 0.999875 0.000000 0.000000 0.000000 0.000000 1.000000
0.998772 -0.049142 0.006264 0.000000 0.049229 0.998681 -0.014557 0.033300 -0.005541 0.014848 0.999874 -0.000000 0.000000 0.000000 0.000000 1.000000
0.998848 -0.047626 0.005920 0.000000 0.047713 0.998740 -0.015537 0.033300 -0.005173 0.015801 0.999862 -0.000000 0.000000 0.000000 0.000000 1.000000
0.998916 -0.046137 0.006173 0.000000 0.046235 0.998789 -0.016812 0.033300 -0.005390 0.017079 0.999840 0.000000 0.000000 0.000000 0.000000 1.000000
0.998975 -0.044706 0.007096 0.000000 0.044827 0.998833 -0.017993 0.033300 -0.006284 0.018293 0.999813 0.000000 0.000000 0.000000 0.000000 1.000000
0.999032 -0.043170 0.008474 0.000000 0.043323 0.998883 -0.018857 0.033300 -0.007650 0.019205 0.999786 0.000000 0.000000 0.000000 0.000000 1.000000
0.999097 -0.041311 0.009913 0.000000 0.041498 0.998950 -0.019413 0.033300 -0.009101 0.019807 0.999762 -0.000000 0.000000 0.000000 0.000000 1.000000
0.999175 -0.039066 0.011089 0.000000 0.039280 0.999031 -0.019828 0.033300 -0.010304 0.020248 0.999742 0.000000 0.000000 0.000000 0.000000 1.000000
0.999257 -0.036637 0.011927 0.000000 0.036874 0.999115 -0.020260 0.033300 -0.011174 0.020685 0.999724 0.000000 0.000000 0.000000 0.000000 1.000000
0.999329 -0.034415 0.012557 -0.000000 0.034671 0.999184 -0.020741 0.033300 -0.011833 0.021162 0.999706 0.000000 0.000000 0.000000 0.000000 1.000000
0.999378 -0.032754 0.013064 0.000000 0.033026 0.999230 -0.021174 0.033300 -0.012360 0.021592 0.999690 -0.000000 0.000000 0.000000 0.000000 1.000000
0.999408 -0.031747 0.013270 0.000000 0.032027 0.999258 -0.021417 0.033300 -0.012581 0.021829 0.999683 0.000000 0.000000 0.000000 0.000000 1.000000
0.999433 -0.031152 0.012754 0.000000 0.031420 0.999278 -0.021382 0.033300 -0.012079 0.021771 0.999690 -0.000000 0.000000 0.000000 0.000000 1.000000
0.999473 -0.030497 0.011114 -0.000000 0.030727 0.999305 -0.021088 0.033300 -0.010463 0.021419 0.999716 0.000000 0.000000 0.000000 0.000000 1.000000
0.999536 -0.029317 0.008252 -0.000000 0.029482 0.999352 -0.020632 0.033300 -0.007642 0.020866 0.999753 0.000000 0.000000 0.000000 0.000000 1.000000
0.999615 -0.027380 0.004440 0.000000 0.027464 0.999420 -0.020122 0.033300 -0.003886 0.020236 0.999788 0.000000 0.000000 0.000000 0.000000 1.000000</float_array><technique_common><accessor source="#mixamorig_Spine1-Matrix-animation-output-transform-array" count="50" stride="16"><param type="float4x4"/></accessor></technique_common></source><source id="mixamorig_Spine1-Interpolations"><Name_array id="mixamorig_Spine1-Interpolations-array" count="50">
 LINEAR LINEAR LINEAR LINEAR LINEAR LINEAR LINEAR LINEAR LINEAR LINEAR LINEAR
LINEAR LINEAR LINEAR LINEAR LINEAR LINEAR LINEAR LINEAR LINEAR LINEAR LINEAR LINEAR
LINEAR LINEAR LINEAR LINEAR LINEAR LINEAR LINEAR LINEAR LINEAR LINEAR LINEAR LINEAR
LINEAR LINEAR LINEAR LINEAR LINEAR LINEAR LINEAR LINEAR LINEAR LINEAR LINEAR LINEAR
LINEAR LINEAR LINEAR</Name_array><technique_common><accessor source="#mixamorig_Spine1-Interpolations-array" count="50"><param type="name"/></accessor></technique_common></source><sampler id="mixamorig_Spine1-Matrix-animation-transform"><input semantic="INPUT" source="#mixamorig_Spine1-Matrix-animation-input"/><input semantic="OUTPUT" source="#mixamorig_Spine1-Matrix-animation-output-transform"/><input semantic="INTERPOLATION" source="#mixamorig_Spine1-Interpolations"/></sampler><channel source="#mixamorig_Spine1-Matrix-animation-transform" target="mixamorig_Spine1/matrix"/></animation>
    <animation id="mixamorig_Spine2-anim" name="mixamorig_Spine2"><source id="mixamorig_Spine2-Matrix-animation-input"><float_array id="mixamorig_Spine2-Matrix-animation-input-array" count="50">

0.000000 0.033333 0.066667 0.100000 0.133333 0.166667 0.200000 0.233333 0.266667 0.300000 0.333333 0.366667 0.400000 0.433333 0.466667 0.500000
0.533333 0.566667 0.600000 0.633333 0.666667 0.700000 0.733333 0.766667 0.800000 0.833333 0.866667 0.900000 0.933333 0.966667 1.000000 1.033333
1.066667 1.100000 1.133333 1.166667 1.200000 1.233333 1.266667 1.300000 1.333333 1.366667 1.400000 1.433333 1.466667 1.500000 1.533333 1.566667
1.600000 1.633333</float_array><technique_common><accessor source="#mixamorig_Spine2-Matrix-animation-input-array" count="50"><param name="TIME" type="float"/></accessor></technique_common></source><source id="mixamorig_Spine2-Matrix-animation-output-transform"><float_array id="mixamorig_Spine2-Matrix-animation-output-transform-array" count="800">

0.999611 -0.027455 0.004822 -0.000000 0.027545 0.999427 -0.019671 0.038000 -0.004279 0.019796 0.999795 -0.000000 0.000000 0.000000 0.000000 1.000000
0.999591 -0.028509 0.002243 0.000000 0.028546 0.999419 -0.018606 0.038000 -0.001711 0.018663 0.999824 -0.000000 0.000000 0.000000 0.000000 1.000000
0.999563 -0.029569 0.000601 0.000000 0.029575 0.999403 -0.017843 0.038000 -0.000073 0.017853 0.999841 0.000000 0.000000 0.000000 0.000000 1.000000
0.999524 -0.030843 0.000342 0.000000 0.030844 0.999370 -0.017561 0.038000 0.000200 0.017563 0.999846 0.000000 0.000000 0.000000 0.000000 1.000000
0.999468 -0.032569 0.001724 0.000000 0.032594 0.999309 -0.017891 0.038000 -0.001140 0.017937 0.999838 0.000000 0.000000 0.000000 0.000000 1.000000
0.999382 -0.034865 0.004564 0.000000 0.034945 0.999213 -0.018787 0.038000 -0.003905 0.018935 0.999813 0.000000 0.000000 0.000000 0.000000 1.000000
0.999257 -0.037638 0.008322 0.000000 0.037798 0.999085 -0.019996 0.038000 -0.007562 0.020295 0.999765 0.000000 0.000000 0.000000 0.000000 1.000000
0.999098 -0.040633 0.012339 0.000000 0.040888 0.998940 -0.021142 0.038000 -0.011467 0.021628 0.999700 -0.000000 0.000000 0.000000 0.000000 1.000000
0.998919 -0.043597 0.016107 0.000000 0.043945 0.998794 -0.021893 0.038000 -0.015133 0.022577 0.999631 0.000000 0.000000 0.000000 0.000000 1.000000
0.998733 -0.046428 0.019425 0.000000 0.046854 0.998657 -0.022095 0.038000 -0.018373 0.022977 0.999567 0.000000 0.000000 0.000000 0.000000 1.000000
0.998540 -0.049174 0.022356 0.000000 0.049662 0.998527 -0.021838 0.038000 -0.021250 0.022917 0.999512 0.000000 0.000000 0.000000 0.000000 1.000000
0.998341 -0.051867 0.025021 -0.000000 0.052406 0.998397 -0.021398 0.038000 -0.023871 0.022673 0.999458 -0.000000 0.000000 0.000000 0.000000 1.000000
0.998149 -0.054312 0.027352 -0.000000 0.054900 0.998266 -0.021230 0.038000 -0.026152 0.022692 0.999400 0.000000 0.000000 0.000000 0.000000 1.000000
0.998009 -0.056017 0.028986 0.000000 0.056642 0.998169 -0.021210 0.038000 -0.027745 0.022810 0.999355 0.000000 0.000000 0.000000 0.000000 1.000000
0.997978 -0.056362 0.029368 0.000000 0.056996 0.998149 -0.021206 0.038000 -0.028118 0.022837 0.999344 0.000000 0.000000 0.000000 0.000000 1.000000
0.998094 -0.054971 0.028035 0.000000 0.055571 0.998231 -0.021120 0.038000 -0.026825 0.022638 0.999384 0.000000 0.000000 0.000000 0.000000 1.000000
0.998334 -0.052044 0.024924 0.000000 0.052564 0.998403 -0.020695 0.038000 -0.023807 0.021971 0.999475 -0.000000 0.000000 0.000000 0.000000 1.000000
0.998615 -0.048437 0.020521 0.000000 0.048845 0.998609 -0.019863 0.038000 -0.019530 0.020838 0.999592 0.000000 0.000000 0.000000 0.000000 1.000000
0.998847 -0.045337 0.015768 0.000000 0.045633 0.998779 -0.018920 0.038000 -0.014891 0.019618 0.999697 0.000000 0.000000 0.000000 0.000000 1.000000
0.998976 -0.043699 0.011730 0.000000 0.043909 0.998868 -0.018283 0.038000 -0.010918 0.018779 0.999764 0.000000 0.000000 0.000000 0.000000 1.000000
0.998999 -0.043780 0.009171 0.000000 0.043942 0.998868 -0.018204 0.038000 -0.008363 0.018588 0.999792 0.000000 0.000000 0.000000 0.000000 1.000000
0.998949 -0.045091 0.008248 0.000000 0.045238 0.998803 -0.018601 0.038000 -0.007400 0.018954 0.999793 0.000000 0.000000 0.000000 0.000000 1.000000
0.998869 -0.046787 0.008505 0.000000 0.046942 0.998714 -0.019135 0.038000 -0.007599 0.019513 0.999781 -0.000000 0.000000 0.000000 0.000000 1.000000
0.998797 -0.048178 0.009168 0.000000 0.048349 0.998641 -0.019459 0.038000 -0.008218 0.019879 0.999769 0.000000 0.000000 0.000000 0.000000 1.000000
0.998752 -0.049022 0.009567 0.000000 0.049201 0.998600 -0.019438 0.038000 -0.008601 0.019885 0.999765 -0.000000 0.000000 0.000000 0.000000 1.000000
0.998730 -0.049482 0.009471 0.000000 0.049657 0.998582 -0.019185 0.038000 -0.008509 0.019631 0.999771 0.000000 0.000000 0.000000 0.000000 1.000000
0.998715 -0.049858 0.009081 0.000000 0.050023 0.998569 -0.018917 0.038000 -0.008125 0.019347 0.999780 0.000000 0.000000 0.000000 0.000000 1.000000
0.998694 -0.050335 0.008751 0.000000 0.050492 0.998548 -0.018762 0.038000 -0.007794 0.019179 0.999786 -0.000000 0.000000 0.000000 0.000000 1.000000
0.998665 -0.050906 0.008742 0.000000 0.051062 0.998521 -0.018658 0.038000 -0.007779 0.019080 0.999788 -0.000000 0.000000 0.000000 0.000000 1.000000
0.998634 -0.051491 0.008923 0.000000 0.051648 0.998496 -0.018409 0.038000 -0.007961 0.018844 0.999791 0.000000 0.000000 0.000000 0.000000 1.000000
0.998607 -0.051967 0.009105 -0.000000 0.052123 0.998482 -0.017810 0.038000 -0.008166 0.018260 0.999800 0.000000 0.000000 0.000000 0.000000 1.000000
0.998594 -0.052219 0.009131 0.000000 0.052367 0.998486 -0.016818 0.038000 -0.008239 0.017273 0.999817 0.000000 0.000000 0.000000 0.000000 1.000000
0.998600 -0.052139 0.008883 0.000000 0.052273 0.998511 -0.015630 0.038000 -0.008055 0.016072 0.999838 0.000000 0.000000 0.000000 0.000000 1.000000
0.998632 -0.051621 0.008368 0.000000 0.051739 0.998554 -0.014625 0.038000 -0.007601 0.015038 0.999858 -0.000000 0.000000 0.000000 0.000000 1.000000
0.998688 -0.050636 0.007661 0.000000 0.050741 0.998611 -0.014191 0.038000 -0.006932 0.014561 0.999870 -0.000000 0.000000 0.000000 0.000000 1.000000
0.998761 -0.049278 0.006985 0.000000 0.049375 0.998675 -0.014515 0.038000 -0.006261 0.014842 0.999870 0.000000 0.000000 0.000000 0.000000 1.000000
0.998837 -0.047757 0.006642 0.000000 0.047855 0.998734 -0.015479 0.038000 -0.005894 0.015778 0.999858 -0.000000 0.000000 0.000000 0.000000 1.000000
0.998905 -0.046266 0.006900 0.000000 0.046376 0.998784 -0.016730 0.038000 -0.006117 0.017032 0.999836 -0.000000 0.000000 0.000000 0.000000 1.000000
0.998964 -0.044834 0.007827 0.000000 0.044968 0.998828 -0.017882 0.038000 -0.007017 0.018216 0.999809 0.000000 0.000000 0.000000 0.000000 1.000000
0.999020 -0.043299 0.009204 0.000000 0.043465 0.998880 -0.018712 0.038000 -0.008383 0.019093 0.999783 0.000000 0.000000 0.000000 0.000000 1.000000
0.999084 -0.041442 0.010630 -0.000000 0.041641 0.998948 -0.019232 0.038000 -0.009822 0.019657 0.999759 0.000000 0.000000 0.000000 0.000000 1.000000
0.999162 -0.039196 0.011782 0.000000 0.039422 0.999030 -0.019611 0.038000 -0.011002 0.020059 0.999738 -0.000000 0.000000 0.000000 0.000000 1.000000
0.999245 -0.036765 0.012593 0.000000 0.037012 0.999115 -0.020005 0.038000 -0.011846 0.020456 0.999721 0.000000 0.000000 0.000000 0.000000 1.000000
0.999316 -0.034540 0.013199 0.000000 0.034806 0.999185 -0.020447 0.038000 -0.012482 0.020892 0.999704 0.000000 0.000000 0.000000 0.000000 1.000000
0.999366 -0.032877 0.013686 0.000000 0.033158 0.999233 -0.020839 0.038000 -0.012991 0.021280 0.999689 0.000000 0.000000 0.000000 0.000000 1.000000
0.999396 -0.031869 0.013870 0.000000 0.032156 0.999261 -0.021043 0.038000 -0.013190 0.021477 0.999682 0.000000 0.000000 0.000000 0.000000 1.000000
0.999422 -0.031269 0.013321 0.000000 0.031545 0.999282 -0.020977 0.038000 -0.012655 0.021386 0.999691 0.000000 0.000000 0.000000 0.000000 1.000000
0.999464 -0.030605 0.011631 0.000000 0.030841 0.999311 -0.020662 0.038000 -0.010991 0.021010 0.999719 0.000000 0.000000 0.000000 0.000000 1.000000
0.999530 -0.029410 0.008705 0.000000 0.029581 0.999358 -0.020192 0.038000 -0.008106 0.020440 0.999758 0.000000 0.000000 0.000000 0.000000 1.000000
0.999611 -0.027455 0.004822 -0.000000 0.027545 0.999427 -0.019671 0.038000 -0.004279 0.019796 0.999795 -0.000000 0.000000 0.000000 0.000000 1.000000</float_array><technique_common><accessor source="#mixamorig_Spine2-Matrix-animation-output-transform-array" count="50" stride="16"><param type="float4x4"/></accessor></technique_common></source><source id="mixamorig_Spine2-Interpolations"><Name_array id="mixamorig_Spine2-Interpolations-array" count="50">
 LINEAR LINEAR LINEAR LINEAR LINEAR LINEAR LINEAR LINEAR LINEAR LINEAR LINEAR
LINEAR LINEAR LINEAR LINEAR LINEAR LINEAR LINEAR LINEAR LINEAR LINEAR LINEAR LINEAR
LINEAR LINEAR LINEAR LINEAR LINEAR LINEAR LINEAR LINEAR LINEAR LINEAR LINEAR LINEAR
LINEAR LINEAR LINEAR LINEAR LINEAR LINEAR LINEAR LINEAR LINEAR LINEAR LINEAR LINEAR
LINEAR LINEAR LINEAR</Name_array><technique_common><accessor source="#mixamorig_Spine2-Interpolations-array" count="50"><param type="name"/></accessor></technique_common></source><sampler id="mixamorig_Spine2-Matrix-animation-transform"><input semantic="INPUT" source="#mixamorig_Spine2-Matrix-animation-input"/><input semantic="OUTPUT" source="#mixamorig_Spine2-Matrix-animation-output-transform"/><input semantic="INTERPOLATION" source="#mixamorig_Spine2-Interpolations"/></sampler><channel source="#mixamorig_Spine2-Matrix-animation-transform" target="mixamorig_Spine2/matrix"/></animation>
    <animation id="mixamorig_Neck-anim" name="mixamorig_Neck"><source id="mixamorig_Neck-Matrix-animation-input"><float_array id="mixamorig_Neck-Matrix-animation-input-array" count="50">

0.000000 0.033333 0.066667 0.100000 0.133333 0.166667 0.200000 0.233333 0.266667 0.300000 0.333333 0.366667 0.400000 0.433333 0.466667 0.500000
0.533333 0.566667 0.600000 0.633333 0.666667 0.700000 0.733333 0.766667 0.800000 0.833333 0.866667 0.900000 0.933333 0.966667 1.000000 1.033333
1.066667 1.100000 1.133333 1.166667 1.200000 1.233333 1.266667 1.300000 1.333333 1.366667 1.400000 1.433333 1.466667 1.500000 1.533333 1.566667
1.600000 1.633333</float_array><technique_common><accessor source="#mixamorig_Neck-Matrix-animation-input-array" count="50"><param name="TIME" type="float"/></accessor></technique_common></source><source id="mixamorig_Neck-Matrix-animation-output-transform"><float_array id="mixamorig_Neck-Matrix-animation-output-transform-array" count="800">

0.999968 -0.007936 -0.001378 -0.000000 0.007634 0.988335 -0.152101 0.042800 0.002569 0.152086 0.988364 0.000000 0.000000 0.000000 0.000000 1.000000
